$version=3
!Num Name........ .Bus. Tipo #Uni .PotIns ..FatOpe ProbFal SFal Stat. ....O&M CurtCos TechTyp
 320 PCHTO000184      0    0    1    0.48        1       0    0   341       0      10       4
 321 PCHTO001305      0    0    1    2.07        1       0    0   425       0      10       4
 322 PCHTO002796      0    0    1    1.75        1       0    0   425       0      10       4
 323 PCHTO027013      0    0    1   1.776        1       0    0   425       0      10       4
 324 PCHTO027567      0    0    1    0.68        1       0    0   342       0      10       4
 325 PCHTO027569      0    0    1    0.28        1       0    0   341       0      10       4
 326 PCHTO029804      0    0    1    1.12        1       0    0   535       0      10       4
 327 PCHTO031902      0    0    1     1.3        1       0    0   343       0      10       4
 328 PCHTO035426      0    0    1     1.8        1       0    0   344       0      10       4
 329 PCHTO035446      0    0    1     1.8        1       0    0   344       0      10       4
 330 PCHTO035733      0    0    1    2.75        1       0    0   344       0      10       4
 331 PCHTO035747      0    0    1    2.75        1       0    0   535       0      10       4
 738 EOLMA033673      0    0    1    27.6        1       0    0   282       0      10       1
 739 EOLMA033675      0    0    1    27.6        1       0    0   282       0      10       1
 740 EOLMA033680      0    0    1    27.6        1       0    0   282       0      10       1
 741 EOLMA033682      0    0    1    27.6        1       0    0   282       0      10       1
 742 EOLMA033683      0    0    1    27.6        1       0    0   282       0      10       1
 743 EOLMA033684      0    0    1    27.6        1       0    0   282       0      10       1
 744 EOLMA033685      0    0    1    27.6        1       0    0   282       0      10       1
 745 EOLMA033686      0    0    1    27.6        1       0    0   282       0      10       1
 746 EOLMA037967      0    0    1    24.3        1       0    0   282       0      10       1
 747 EOLMA037970      0    0    1    29.7        1       0    0   282       0      10       1
 748 EOLMA037972      0    0    1      27        1       0    0   282       0      10       1
 749 EOLMA037976      0    0    1      27        1       0    0   282       0      10       1
 750 EOLMA040572      0    0    1      27        1       0    0   282       0      10       1
 751 EOLMA040573      0    0    1    35.1        1       0    0   282       0      10       1
 752 EOLMA040574      0    0    1    35.1        1       0    0   282       0      10       1
1510 PCHPA028653      0    0    1      20        1       0    0   425       0      10       4
1511 PCHPA028671      0    0    1      10        1       0    0   425       0      10       4
1512 PCHPA028672      0    0    1      30        1       0    0   357       0      10       4
1735 PCHTO000031      0    0    1   14.04        1       0    0   357       0      10       4
1736 PCHTO001149      0    0    1  29.064        1       0    0   377       0      10       4
1737 PCHTO002756      0    0    1    4.82        1       0    0   341       0      10       4
1738 PCHTO027227      0    0    1     5.5        1       0    0   378       0      10       4
1739 PCHTO027411      0    0    1    5.04        1       0    0   379       0      10       4
1740 PCHTO028446      0    0    1    11.4        1       0    0   377       0      10       4
1741 PCHTO028447      0    0    1      14        1       0    0   377       0      10       4
1742 PCHTO029057      0    0    1   21.51        1       0    0   377       0      10       4
1743 PCHTO029058      0    0    1     9.3        1       0    0   380       0      10       4
1744 PCHTO029059      0    0    1      30        1       0    0   377       0      10       4
1745 PCHTO029060      0    0    1      16        1       0    0   377       0      10       4
1746 PCHTO031244      0    0    1       6        1       0    0   539       0      10       4
1747 PCHTO032551      0    0    1      10        1       0    0   539       0      10       4
1748 PCHTO034495      0    0    1       8        1       0    0   379       0      10       4
2128 UFVTO033608      0    0    1       5        1       0    0   321       0      10       2
2225 PCTMA028917      0    0    1    12.2        1       0    0   435       0      10       3
2226 PCTMA030959      0    0    1  254.84        1       0    0   435       0      10       3
2307 PCTPA032116      0    0    1      20        1       0    0   433       0      10       3
2513 PCTTO030518      0    0    1      80        1       0    0   432       0      10       3
2514 PCTTO030893      0    0    1    8.02        1       0    0   491       0      10       3
3392 PCTPA067993      0    1    1   1.141        1       0    0   554       0      10       3
3444 PCHTO053909      0    1    1     4.4        1       0    0   414       0      10       4
4498 UFVMA057143      0    1    1    0.42        1       0    0   321       0      10       2
4499 UFVMA074608      0    1    1     1.5        1       0    0   321       0      10       2
4505 UFVPA072279      0    1    1       1        1       0    0   321       0      10       2
4506 UFVPA073397      0    1    1   0.405        1       0    0   321       0      10       2
5223 MMGDMA115        0    0    1       0        1       0    0   567       0      11       2
5224 MMGDMA131        0    0    1       0        1       0    0   567       0      11       2
5225 MMGDMA13102      0    0    1       0        1       0    0   567       0      11       2
5226 MMGDMA14483      0    0    1       0        1       0    0   567       0      11       2
5227 MMGDMA19002      0    0    1       0        1       0    0   567       0      11       2
5228 MMGDMA19069      0    0    1       0        1       0    0   567       0      11       2
5229 MMGDMA19090      0    0    1       0        1       0    0   567       0      11       2
5230 MMGDMA19110      0    0    1       0        1       0    0   567       0      11       2
5231 MMGDMA19300      0    0    1       0        1       0    0   567       0      11       2
5232 MMGDMA19302      0    0    1       0        1       0    0   567       0      11       2
5233 MMGDMA19310      0    0    1       0        1       0    0   567       0      11       2
5234 MMGDMA19317      0    0    1       0        1       0    0   567       0      11       2
5235 MMGDMA19318      0    0    1       0        1       0    0   567       0      11       2
5236 MMGDMA19322      0    0    1       0        1       0    0   567       0      11       2
5237 MMGDMA607        0    0    1       0        1       0    0   567       0      11       2
5238 MMGDMA615        0    0    1       0        1       0    0   567       0      11       2
5239 MMGDMA630        0    0    1       0        1       0    0   567       0      11       2
5240 MMGDMA631        0    0    1       0        1       0    0   567       0      11       2
5241 MMGDMA632        0    0    1       0        1       0    0   567       0      11       2
5242 MMGDMA636        0    0    1       0        1       0    0   567       0      11       2
5243 MMGDMA638        0    0    1       0        1       0    0   567       0      11       2
5244 MMGDMA639        0    0    1       0        1       0    0   567       0      11       2
5245 MMGDMA669        0    0    1       0        1       0    0   567       0      11       2
5246 MMGDMA814        0    0    1       0        1       0    0   567       0      11       2
5247 MMGDMA831        0    0    1       0        1       0    0   567       0      11       2
5248 MMGDMA930        0    0    1       0        1       0    0   567       0      11       2
5701 MMGDPA10001      0    0    1       0        1       0    0   572       0      11       2
5702 MMGDPA10998      0    0    1       0        1       0    0   572       0      11       2
5703 MMGDPA13015      0    0    1       0        1       0    0   572       0      11       2
5704 MMGDPA192        0    0    1       0        1       0    0   572       0      11       2
5705 MMGDPA19507      0    0    1       0        1       0    0   572       0      11       2
5706 MMGDPA19508      0    0    1       0        1       0    0   572       0      11       2
5707 MMGDPA19513      0    0    1       0        1       0    0   572       0      11       2
5708 MMGDPA19515      0    0    1       0        1       0    0   572       0      11       2
5709 MMGDPA19516      0    0    1       0        1       0    0   572       0      11       2
5710 MMGDPA19519      0    0    1       0        1       0    0   572       0      11       2
5711 MMGDPA19523      0    0    1       0        1       0    0   572       0      11       2
5712 MMGDPA19525      0    0    1       0        1       0    0   572       0      11       2
5713 MMGDPA19545      0    0    1       0        1       0    0   572       0      11       2
5714 MMGDPA19546      0    0    1       0        1       0    0   572       0      11       2
5715 MMGDPA19549      0    0    1       0        1       0    0   572       0      11       2
5716 MMGDPA19550      0    0    1       0        1       0    0   572       0      11       2
5717 MMGDPA19564      0    0    1       0        1       0    0   572       0      11       2
5718 MMGDPA19566      0    0    1       0        1       0    0   572       0      11       2
5719 MMGDPA19588      0    0    1       0        1       0    0   572       0      11       2
5720 MMGDPA19589      0    0    1       0        1       0    0   572       0      11       2
5721 MMGDPA19658      0    0    1       0        1       0    0   572       0      11       2
5722 MMGDPA19659      0    0    1       0        1       0    0   572       0      11       2
5723 MMGDPA19660      0    0    1       0        1       0    0   572       0      11       2
5724 MMGDPA19662      0    0    1       0        1       0    0   572       0      11       2
5725 MMGDPA19699      0    0    1       0        1       0    0   572       0      11       2
5726 MMGDPA19751      0    0    1       0        1       0    0   572       0      11       2
5727 MMGDPA19752      0    0    1       0        1       0    0   572       0      11       2
5728 MMGDPA19757      0    0    1       0        1       0    0   572       0      11       2
5729 MMGDPA19760      0    0    1       0        1       0    0   572       0      11       2
5730 MMGDPA19787      0    0    1       0        1       0    0   572       0      11       2
5731 MMGDPA560        0    0    1       0        1       0    0   572       0      11       2
5732 MMGDPA561        0    0    1       0        1       0    0   572       0      11       2
5733 MMGDPA690        0    0    1       0        1       0    0   572       0      11       2
5734 MMGDPA691        0    0    1       0        1       0    0   572       0      11       2
5735 MMGDPA692        0    0    1       0        1       0    0   572       0      11       2
5736 MMGDPA693        0    0    1       0        1       0    0   572       0      11       2
5737 MMGDPA696        0    0    1       0        1       0    0   572       0      11       2
5738 MMGDPA697        0    0    1       0        1       0    0   572       0      11       2
5739 MMGDPA698        0    0    1       0        1       0    0   572       0      11       2
5740 MMGDPA699        0    0    1       0        1       0    0   572       0      11       2
5741 MMGDPA800        0    0    1       0        1       0    0   572       0      11       2
5742 MMGDPA862        0    0    1       0        1       0    0   572       0      11       2
5743 MMGDPA948        0    0    1       0        1       0    0   572       0      11       2
7148 MMGDTO20505      0    0    1       0        1       0    0   594       0      11       2
7149 MMGDTO20506      0    0    1       0        1       0    0   594       0      11       2
7150 MMGDTO20511      0    0    1       0        1       0    0   594       0      11       2
7151 MMGDTO20518      0    0    1       0        1       0    0   594       0      11       2
7152 MMGDTO20531      0    0    1       0        1       0    0   594       0      11       2
7153 MMGDTO20532      0    0    1       0        1       0    0   594       0      11       2
7154 MMGDTO20536      0    0    1       0        1       0    0   594       0      11       2
7155 MMGDTO20537      0    0    1       0        1       0    0   594       0      11       2
7156 MMGDTO20538      0    0    1       0        1       0    0   594       0      11       2
7157 MMGDTO20542      0    0    1       0        1       0    0   594       0      11       2
7158 MMGDTO20543      0    0    1       0        1       0    0   594       0      11       2
7159 MMGDTO20551      0    0    1       0        1       0    0   594       0      11       2
7160 MMGDTO20552      0    0    1       0        1       0    0   594       0      11       2
7161 MMGDTO20555      0    0    1       0        1       0    0   594       0      11       2
7162 MMGDTO20556      0    0    1       0        1       0    0   594       0      11       2
7163 MMGDTO20558      0    0    1       0        1       0    0   594       0      11       2
7164 MMGDTO20559      0    0    1       0        1       0    0   594       0      11       2
7165 MMGDTO20564      0    0    1       0        1       0    0   594       0      11       2
7166 MMGDTO20565      0    0    1       0        1       0    0   594       0      11       2
7167 MMGDTO20567      0    0    1       0        1       0    0   594       0      11       2
7168 MMGDTO20568      0    0    1       0        1       0    0   594       0      11       2
7169 MMGDTO20570      0    0    1       0        1       0    0   594       0      11       2
7170 MMGDTO20571      0    0    1       0        1       0    0   594       0      11       2
7171 MMGDTO20577      0    0    1       0        1       0    0   594       0      11       2
7172 MMGDTO20578      0    0    1       0        1       0    0   594       0      11       2
7173 MMGDTO20579      0    0    1       0        1       0    0   594       0      11       2
7174 MMGDTO20581      0    0    1       0        1       0    0   594       0      11       2
7175 MMGDTO20585      0    0    1       0        1       0    0   594       0      11       2
7176 MMGDTO20586      0    0    1       0        1       0    0   594       0      11       2
7177 MMGDTO20591      0    0    1       0        1       0    0   594       0      11       2
7178 MMGDTO20592      0    0    1       0        1       0    0   594       0      11       2
7179 MMGDTO20605      0    0    1       0        1       0    0   594       0      11       2
7180 MMGDTO911        0    0    1       0        1       0    0   594       0      11       2
7181 MMGDTO9778       0    0    1       0        1       0    0   594       0      11       2
7182 MMGDTO9799       0    0    1       0        1       0    0   594       0      11       2
7470 OMGDMA115        0    0    1       0        1       0    0   601       0      11       0
7471 OMGDMA131        0    0    1       0        1       0    0   601       0      11       0
7472 OMGDMA13102      0    0    1       0        1       0    0   601       0      11       0
7473 OMGDMA14483      0    0    1       0        1       0    0   601       0      11       0
7474 OMGDMA19002      0    0    1       0        1       0    0   601       0      11       0
7475 OMGDMA19069      0    0    1       0        1       0    0   601       0      11       0
7476 OMGDMA19090      0    0    1       0        1       0    0   601       0      11       0
7477 OMGDMA19110      0    0    1       0        1       0    0   601       0      11       0
7478 OMGDMA19300      0    0    1       0        1       0    0   601       0      11       0
7479 OMGDMA19302      0    0    1       0        1       0    0   601       0      11       0
7480 OMGDMA19310      0    0    1       0        1       0    0   601       0      11       0
7481 OMGDMA19317      0    0    1       0        1       0    0   601       0      11       0
7482 OMGDMA19318      0    0    1       0        1       0    0   601       0      11       0
7483 OMGDMA19322      0    0    1       0        1       0    0   601       0      11       0
7484 OMGDMA607        0    0    1       0        1       0    0   601       0      11       0
7485 OMGDMA615        0    0    1       0        1       0    0   601       0      11       0
7486 OMGDMA630        0    0    1       0        1       0    0   601       0      11       0
7487 OMGDMA631        0    0    1       0        1       0    0   601       0      11       0
7488 OMGDMA632        0    0    1       0        1       0    0   601       0      11       0
7489 OMGDMA636        0    0    1       0        1       0    0   601       0      11       0
7490 OMGDMA638        0    0    1       0        1       0    0   601       0      11       0
7491 OMGDMA639        0    0    1       0        1       0    0   601       0      11       0
7492 OMGDMA669        0    0    1       0        1       0    0   601       0      11       0
7493 OMGDMA814        0    0    1       0        1       0    0   601       0      11       0
7494 OMGDMA831        0    0    1       0        1       0    0   601       0      11       0
7495 OMGDMA930        0    0    1       0        1       0    0   601       0      11       0
7948 OMGDPA10001      0    0    1       0        1       0    0   606       0      11       0
7949 OMGDPA10998      0    0    1       0        1       0    0   606       0      11       0
7950 OMGDPA13015      0    0    1       0        1       0    0   606       0      11       0
7951 OMGDPA192        0    0    1       0        1       0    0   606       0      11       0
7952 OMGDPA19507      0    0    1       0        1       0    0   606       0      11       0
7953 OMGDPA19508      0    0    1       0        1       0    0   606       0      11       0
7954 OMGDPA19513      0    0    1       0        1       0    0   606       0      11       0
7955 OMGDPA19515      0    0    1       0        1       0    0   606       0      11       0
7956 OMGDPA19516      0    0    1       0        1       0    0   606       0      11       0
7957 OMGDPA19519      0    0    1       0        1       0    0   606       0      11       0
7958 OMGDPA19523      0    0    1       0        1       0    0   606       0      11       0
7959 OMGDPA19525      0    0    1       0        1       0    0   606       0      11       0
7960 OMGDPA19545      0    0    1       0        1       0    0   606       0      11       0
7961 OMGDPA19546      0    0    1       0        1       0    0   606       0      11       0
7962 OMGDPA19549      0    0    1       0        1       0    0   606       0      11       0
7963 OMGDPA19550      0    0    1       0        1       0    0   606       0      11       0
7964 OMGDPA19564      0    0    1       0        1       0    0   606       0      11       0
7965 OMGDPA19566      0    0    1       0        1       0    0   606       0      11       0
7966 OMGDPA19588      0    0    1       0        1       0    0   606       0      11       0
7967 OMGDPA19589      0    0    1       0        1       0    0   606       0      11       0
7968 OMGDPA19658      0    0    1       0        1       0    0   606       0      11       0
7969 OMGDPA19659      0    0    1       0        1       0    0   606       0      11       0
7970 OMGDPA19660      0    0    1       0        1       0    0   606       0      11       0
7971 OMGDPA19662      0    0    1       0        1       0    0   606       0      11       0
7972 OMGDPA19699      0    0    1       0        1       0    0   606       0      11       0
7973 OMGDPA19751      0    0    1       0        1       0    0   606       0      11       0
7974 OMGDPA19752      0    0    1       0        1       0    0   606       0      11       0
7975 OMGDPA19757      0    0    1       0        1       0    0   606       0      11       0
7976 OMGDPA19760      0    0    1       0        1       0    0   606       0      11       0
7977 OMGDPA19787      0    0    1       0        1       0    0   606       0      11       0
7978 OMGDPA560        0    0    1       0        1       0    0   606       0      11       0
7979 OMGDPA561        0    0    1       0        1       0    0   606       0      11       0
7980 OMGDPA690        0    0    1       0        1       0    0   606       0      11       0
7981 OMGDPA691        0    0    1       0        1       0    0   606       0      11       0
7982 OMGDPA692        0    0    1       0        1       0    0   606       0      11       0
7983 OMGDPA693        0    0    1       0        1       0    0   606       0      11       0
7984 OMGDPA696        0    0    1       0        1       0    0   606       0      11       0
7985 OMGDPA697        0    0    1       0        1       0    0   606       0      11       0
7986 OMGDPA698        0    0    1       0        1       0    0   606       0      11       0
7987 OMGDPA699        0    0    1       0        1       0    0   606       0      11       0
7988 OMGDPA800        0    0    1       0        1       0    0   606       0      11       0
7989 OMGDPA862        0    0    1       0        1       0    0   606       0      11       0
7990 OMGDPA948        0    0    1       0        1       0    0   606       0      11       0
9364 OMGDTO20505      0    0    1       0        1       0    0   625       0      11       0
9365 OMGDTO20506      0    0    1       0        1       0    0   625       0      11       0
9366 OMGDTO20511      0    0    1       0        1       0    0   625       0      11       0
9367 OMGDTO20518      0    0    1       0        1       0    0   625       0      11       0
9368 OMGDTO20531      0    0    1       0        1       0    0   625       0      11       0
9369 OMGDTO20532      0    0    1       0        1       0    0   625       0      11       0
9370 OMGDTO20536      0    0    1       0        1       0    0   625       0      11       0
9371 OMGDTO20537      0    0    1       0        1       0    0   625       0      11       0
9372 OMGDTO20538      0    0    1       0        1       0    0   625       0      11       0
9373 OMGDTO20542      0    0    1       0        1       0    0   625       0      11       0
9374 OMGDTO20543      0    0    1       0        1       0    0   625       0      11       0
9375 OMGDTO20551      0    0    1       0        1       0    0   625       0      11       0
9376 OMGDTO20552      0    0    1       0        1       0    0   625       0      11       0
9377 OMGDTO20555      0    0    1       0        1       0    0   625       0      11       0
9378 OMGDTO20556      0    0    1       0        1       0    0   625       0      11       0
9379 OMGDTO20558      0    0    1       0        1       0    0   625       0      11       0
9380 OMGDTO20559      0    0    1       0        1       0    0   625       0      11       0
9381 OMGDTO20564      0    0    1       0        1       0    0   625       0      11       0
9382 OMGDTO20565      0    0    1       0        1       0    0   625       0      11       0
9383 OMGDTO20567      0    0    1       0        1       0    0   625       0      11       0
9384 OMGDTO20568      0    0    1       0        1       0    0   625       0      11       0
9385 OMGDTO20570      0    0    1       0        1       0    0   625       0      11       0
9386 OMGDTO20571      0    0    1       0        1       0    0   625       0      11       0
9387 OMGDTO20577      0    0    1       0        1       0    0   625       0      11       0
9388 OMGDTO20578      0    0    1       0        1       0    0   625       0      11       0
9389 OMGDTO20579      0    0    1       0        1       0    0   625       0      11       0
9390 OMGDTO20581      0    0    1       0        1       0    0   625       0      11       0
9391 OMGDTO20585      0    0    1       0        1       0    0   625       0      11       0
9392 OMGDTO20586      0    0    1       0        1       0    0   625       0      11       0
9393 OMGDTO20591      0    0    1       0        1       0    0   625       0      11       0
9394 OMGDTO20592      0    0    1       0        1       0    0   625       0      11       0
9395 OMGDTO20605      0    0    1       0        1       0    0   625       0      11       0
9396 OMGDTO911        0    0    1       0        1       0    0   625       0      11       0
9397 OMGDTO9778       0    0    1       0        1       0    0   625       0      11       0
9398 OMGDTO9799       0    0    1       0        1       0    0   625       0      11       0
