$version=3
!Num Name........ .Bus. Tipo #Uni .PotIns ..FatOpe ProbFal SFal Stat. ....O&M CurtCos TechTyp
 136 PCHRO001412      0    0    1     2.5        1       0    0   532       0      10       4
 137 PCHRO002530      0    0    1    2.56        1       0    0   532       0      10       4
 138 PCHRO026716      0    0    1       3        1       0    0   533       0      10       4
 139 PCHRO027161      0    0    1   3.804        1       0    0   534       0      10       4
 140 PCHRO027963      0    0    1       2        1       0    0   339       0      10       4
 141 PCHRO028083      0    0    1    0.95        1       0    0   396       0      10       4
 142 PCHRO028099      0    0    1    1.48        1       0    0   534       0      10       4
 143 PCHRO029211      0    0    1    1.84        1       0    0   396       0      10       4
 144 PCHRO032220      0    0    1       2        1       0    0   396       0      10       4
1577 PCHRO000396      0    0    1   11.12        1       0    0   536       0      10       4
1578 PCHRO000775      0    0    1    1.26        1       0    0   534       0      10       4
1579 PCHRO002569      0    0    1    5.28        1       0    0   370       0      10       4
1580 PCHRO027072      0    0    1     4.8        1       0    0   533       0      10       4
1581 PCHRO028026      0    0    1     6.9        1       0    0   533       0      10       4
1582 PCHRO028840      0    0    1    25.7        1       0    0   537       0      10       4
1583 PCHRO028849      0    0    1     3.6        1       0    0   533       0      10       4
1584 PCHRO029373      0    0    1     9.6        1       0    0   533       0      10       4
1585 PCHRO029434      0    0    1   17.01        1       0    0   533       0      10       4
1586 PCHRO029435      0    0    1      20        1       0    0   533       0      10       4
1587 PCHRO029436      0    0    1      17        1       0    0   533       0      10       4
1588 PCHRO029758      0    0    1     1.4        1       0    0   533       0      10       4
1589 PCHRO030573      0    0    1   9.801        1       0    0   533       0      10       4
1590 PCHRO031050      0    0    1       7        1       0    0   538       0      10       4
2069 UFVRO053687      0    0    1    1.25        1       0    0   320       0      10       2
2070 UFVRO056129      0    0    1     5.2        1       0    0   320       0      10       2
2071 UFVRO056130      0    0    1     5.3        1       0    0   320       0      10       2
2072 UFVRO072139      0    0    1       1        1       0    0   320       0      10       2
3929 PBIOM2942156     0    1    1 11.6996        1       0    0   556       0      10       3
3954 PBIOM3042156     0    1    1 11.6996        1       0    0   556       0      10       3
3979 PBIOM3142156     0    1    1 11.6996        1       0    0   556       0      10       3
4004 PBIOM3242156     0    1    1 11.6996        1       0    0   556       0      10       3
4029 PBIOM3342156     0    1    1 11.6996        1       0    0   556       0      10       3
4054 PBIOM3442156     0    1    1 11.6996        1       0    0   556       0      10       3
4079 PBIOM3542156     0    1    1 11.6996        1       0    0   556       0      10       3
4104 PBIOM3642156     0    1    1 11.6996        1       0    0   556       0      10       3
4129 PBIOM3742156     0    1    1 11.6996        1       0    0   556       0      10       3
4154 PBIOM3842156     0    1    1 11.6996        1       0    0   556       0      10       3
4179 PBIOM3942156     0    1    1 11.6996        1       0    0   556       0      10       3
4850 MMGDAC42151      0    0    1       0        1       0    0   558       0      11       2
4851 MMGDAC42154      0    0    1       0        1       0    0   558       0      11       2
4852 MMGDAC42156      0    0    1       0        1       0    0   558       0      11       2
4853 MMGDAC42157      0    0    1       0        1       0    0   558       0      11       2
4854 MMGDAC42158      0    0    1       0        1       0    0   558       0      11       2
4855 MMGDAC42159      0    0    1       0        1       0    0   558       0      11       2
4856 MMGDAC42160      0    0    1       0        1       0    0   558       0      11       2
4857 MMGDAC42163      0    0    1       0        1       0    0   558       0      11       2
4858 MMGDAC42164      0    0    1       0        1       0    0   558       0      11       2
4859 MMGDAC9551       0    0    1       0        1       0    0   558       0      11       2
4860 MMGDAC9559       0    0    1       0        1       0    0   558       0      11       2
4861 MMGDAC9659       0    0    1       0        1       0    0   558       0      11       2
4862 MMGDAC9660       0    0    1       0        1       0    0   558       0      11       2
6161 MMGDRO9515       0    0    1       0        1       0    0   580       0      11       2
6162 MMGDRO9536       0    0    1       0        1       0    0   580       0      11       2
6163 MMGDRO9591       0    0    1       0        1       0    0   580       0      11       2
6164 MMGDRO9633       0    0    1       0        1       0    0   580       0      11       2
6165 MMGDRO9634       0    0    1       0        1       0    0   580       0      11       2
6166 MMGDRO9635       0    0    1       0        1       0    0   580       0      11       2
6167 MMGDRO9636       0    0    1       0        1       0    0   580       0      11       2
6168 MMGDRO9639       0    0    1       0        1       0    0   580       0      11       2
6169 MMGDRO9640       0    0    1       0        1       0    0   580       0      11       2
6170 MMGDRO9641       0    0    1       0        1       0    0   580       0      11       2
6171 MMGDRO9642       0    0    1       0        1       0    0   580       0      11       2
6172 MMGDRO9645       0    0    1       0        1       0    0   580       0      11       2
6173 MMGDRO9646       0    0    1       0        1       0    0   580       0      11       2
6174 MMGDRO9649       0    0    1       0        1       0    0   580       0      11       2
6175 MMGDRO9652       0    0    1       0        1       0    0   580       0      11       2
6176 MMGDRO9653       0    0    1       0        1       0    0   580       0      11       2
6177 MMGDRO9655       0    0    1       0        1       0    0   580       0      11       2
6178 MMGDRO9656       0    0    1       0        1       0    0   580       0      11       2
6179 MMGDRO9657       0    0    1       0        1       0    0   580       0      11       2
6180 MMGDRO9662       0    0    1       0        1       0    0   580       0      11       2
6181 MMGDRO9663       0    0    1       0        1       0    0   580       0      11       2
8394 OMGDRO9515       0    0    1       0        1       0    0   613       0      11       0
8395 OMGDRO9536       0    0    1       0        1       0    0   613       0      11       0
8396 OMGDRO9591       0    0    1       0        1       0    0   613       0      11       0
8397 OMGDRO9633       0    0    1       0        1       0    0   613       0      11       0
8398 OMGDRO9634       0    0    1       0        1       0    0   613       0      11       0
8399 OMGDRO9635       0    0    1       0        1       0    0   613       0      11       0
8400 OMGDRO9636       0    0    1       0        1       0    0   613       0      11       0
8401 OMGDRO9639       0    0    1       0        1       0    0   613       0      11       0
8402 OMGDRO9640       0    0    1       0        1       0    0   613       0      11       0
8403 OMGDRO9641       0    0    1       0        1       0    0   613       0      11       0
8404 OMGDRO9642       0    0    1       0        1       0    0   613       0      11       0
8405 OMGDRO9645       0    0    1       0        1       0    0   613       0      11       0
8406 OMGDRO9646       0    0    1       0        1       0    0   613       0      11       0
8407 OMGDRO9649       0    0    1       0        1       0    0   613       0      11       0
8408 OMGDRO9652       0    0    1       0        1       0    0   613       0      11       0
8409 OMGDRO9653       0    0    1       0        1       0    0   613       0      11       0
8410 OMGDRO9655       0    0    1       0        1       0    0   613       0      11       0
8411 OMGDRO9656       0    0    1       0        1       0    0   613       0      11       0
8412 OMGDRO9657       0    0    1       0        1       0    0   613       0      11       0
8413 OMGDRO9662       0    0    1       0        1       0    0   613       0      11       0
8414 OMGDRO9663       0    0    1       0        1       0    0   613       0      11       0
