**** Fuel:    201 GAS         
Year .....01 .....02 .....03 .....04 .....05 .....06 .....07 .....08 .....09 .....10 .....11 .....12
2025  104.88  104.88  104.88  104.88  104.88  104.88  104.88  104.88  104.88  104.88  104.88  104.88
2026  103.92  103.92  103.92  103.92  103.92  103.92  103.92  103.92  103.92  103.92  103.92  103.92
2027  102.96  102.96  102.96  102.96  102.96  102.96  102.96  102.96  102.96  102.96  102.96  102.96
2028  101.69  101.69  101.69  101.69  101.69  101.69  101.69  101.69  101.69  101.69  101.69  101.69
2029  100.73  100.73  100.73  100.73  100.73  100.73  100.73  100.73  100.73  100.73  100.73  100.73
2030   99.77   99.77   99.77   99.77   99.77   99.77   99.77   99.77   99.77   99.77   99.77   99.77
2031   98.82   98.82   98.82   98.82   98.82   98.82   98.82   98.82   98.82   98.82   98.82   98.82
2032   97.86   97.86   97.86   97.86   97.86   97.86   97.86   97.86   97.86   97.86   97.86   97.86
2033    96.9    96.9    96.9    96.9    96.9    96.9    96.9    96.9    96.9    96.9    96.9    96.9
2034   95.31   95.31   95.31   95.31   95.31   95.31   95.31   95.31   95.31   95.31   95.31   95.31
2035   95.31   95.31   95.31   95.31   95.31   95.31   95.31   95.31   95.31   95.31   95.31   95.31
2036   95.31   95.31   95.31   95.31   95.31   95.31   95.31   95.31   95.31   95.31   95.31   95.31
2037   95.31   95.31   95.31   95.31   95.31   95.31   95.31   95.31   95.31   95.31   95.31   95.31
2038   95.31   95.31   95.31   95.31   95.31   95.31   95.31   95.31   95.31   95.31   95.31   95.31
2039   95.31   95.31   95.31   95.31   95.31   95.31   95.31   95.31   95.31   95.31   95.31   95.31
**** Fuel:    203 GAS (203)   
Year .....01 .....02 .....03 .....04 .....05 .....06 .....07 .....08 .....09 .....10 .....11 .....12
2025  104.88  104.88  104.88  104.88  104.88  104.88  104.88  104.88  104.88  104.88  104.88  104.88
2026  103.92  103.92  103.92  103.92  103.92  103.92  103.92  103.92  103.92  103.92  103.92  103.92
2027  102.96  102.96  102.96  102.96  102.96  102.96  102.96  102.96  102.96  102.96  102.96  102.96
2028  101.69  101.69  101.69  101.69  101.69  101.69  101.69  101.69  101.69  101.69  101.69  101.69
2029  100.73  100.73  100.73  100.73  100.73  100.73  100.73  100.73  100.73  100.73  100.73  100.73
2030   99.77   99.77   99.77   99.77   99.77   99.77   99.77   99.77   99.77   99.77   99.77   99.77
2031   98.82   98.82   98.82   98.82   98.82   98.82   98.82   98.82   98.82   98.82   98.82   98.82
2032   97.86   97.86   97.86   97.86   97.86   97.86   97.86   97.86   97.86   97.86   97.86   97.86
2033    96.9    96.9    96.9    96.9    96.9    96.9    96.9    96.9    96.9    96.9    96.9    96.9
2034   95.31   95.31   95.31   95.31   95.31   95.31   95.31   95.31   95.31   95.31   95.31   95.31
2035   95.31   95.31   95.31   95.31   95.31   95.31   95.31   95.31   95.31   95.31   95.31   95.31
2036   95.31   95.31   95.31   95.31   95.31   95.31   95.31   95.31   95.31   95.31   95.31   95.31
2037   95.31   95.31   95.31   95.31   95.31   95.31   95.31   95.31   95.31   95.31   95.31   95.31
2038   95.31   95.31   95.31   95.31   95.31   95.31   95.31   95.31   95.31   95.31   95.31   95.31
2039   95.31   95.31   95.31   95.31   95.31   95.31   95.31   95.31   95.31   95.31   95.31   95.31
**** Fuel:    204 GAS (204)   
Year .....01 .....02 .....03 .....04 .....05 .....06 .....07 .....08 .....09 .....10 .....11 .....12
2025  104.88  104.88  104.88  104.88  104.88  104.88  104.88  104.88  104.88  104.88  104.88  104.88
2026  103.92  103.92  103.92  103.92  103.92  103.92  103.92  103.92  103.92  103.92  103.92  103.92
2027  102.96  102.96  102.96  102.96  102.96  102.96  102.96  102.96  102.96  102.96  102.96  102.96
2028  101.69  101.69  101.69  101.69  101.69  101.69  101.69  101.69  101.69  101.69  101.69  101.69
2029  100.73  100.73  100.73  100.73  100.73  100.73  100.73  100.73  100.73  100.73  100.73  100.73
2030   99.77   99.77   99.77   99.77   99.77   99.77   99.77   99.77   99.77   99.77   99.77   99.77
2031   98.82   98.82   98.82   98.82   98.82   98.82   98.82   98.82   98.82   98.82   98.82   98.82
2032   97.86   97.86   97.86   97.86   97.86   97.86   97.86   97.86   97.86   97.86   97.86   97.86
2033    96.9    96.9    96.9    96.9    96.9    96.9    96.9    96.9    96.9    96.9    96.9    96.9
2034   95.31   95.31   95.31   95.31   95.31   95.31   95.31   95.31   95.31   95.31   95.31   95.31
2035   95.31   95.31   95.31   95.31   95.31   95.31   95.31   95.31   95.31   95.31   95.31   95.31
2036   95.31   95.31   95.31   95.31   95.31   95.31   95.31   95.31   95.31   95.31   95.31   95.31
2037   95.31   95.31   95.31   95.31   95.31   95.31   95.31   95.31   95.31   95.31   95.31   95.31
2038   95.31   95.31   95.31   95.31   95.31   95.31   95.31   95.31   95.31   95.31   95.31   95.31
2039   95.31   95.31   95.31   95.31   95.31   95.31   95.31   95.31   95.31   95.31   95.31   95.31
**** Fuel:    205 GAS (205)   
Year .....01 .....02 .....03 .....04 .....05 .....06 .....07 .....08 .....09 .....10 .....11 .....12
2025  104.88  104.88  104.88  104.88  104.88  104.88  104.88  104.88  104.88  104.88  104.88  104.88
2026  103.92  103.92  103.92  103.92  103.92  103.92  103.92  103.92  103.92  103.92  103.92  103.92
2027  102.96  102.96  102.96  102.96  102.96  102.96  102.96  102.96  102.96  102.96  102.96  102.96
2028  101.69  101.69  101.69  101.69  101.69  101.69  101.69  101.69  101.69  101.69  101.69  101.69
2029  100.73  100.73  100.73  100.73  100.73  100.73  100.73  100.73  100.73  100.73  100.73  100.73
2030   99.77   99.77   99.77   99.77   99.77   99.77   99.77   99.77   99.77   99.77   99.77   99.77
2031   98.82   98.82   98.82   98.82   98.82   98.82   98.82   98.82   98.82   98.82   98.82   98.82
2032   97.86   97.86   97.86   97.86   97.86   97.86   97.86   97.86   97.86   97.86   97.86   97.86
2033    96.9    96.9    96.9    96.9    96.9    96.9    96.9    96.9    96.9    96.9    96.9    96.9
2034   95.31   95.31   95.31   95.31   95.31   95.31   95.31   95.31   95.31   95.31   95.31   95.31
2035   95.31   95.31   95.31   95.31   95.31   95.31   95.31   95.31   95.31   95.31   95.31   95.31
2036   95.31   95.31   95.31   95.31   95.31   95.31   95.31   95.31   95.31   95.31   95.31   95.31
2037   95.31   95.31   95.31   95.31   95.31   95.31   95.31   95.31   95.31   95.31   95.31   95.31
2038   95.31   95.31   95.31   95.31   95.31   95.31   95.31   95.31   95.31   95.31   95.31   95.31
2039   95.31   95.31   95.31   95.31   95.31   95.31   95.31   95.31   95.31   95.31   95.31   95.31
**** Fuel:    140 GAS (140)   
Year .....01 .....02 .....03 .....04 .....05 .....06 .....07 .....08 .....09 .....10 .....11 .....12
2025  104.88  104.88  104.88  104.88  104.88  104.88  104.88  104.88  104.88  104.88  104.88  104.88
2026  103.92  103.92  103.92  103.92  103.92  103.92  103.92  103.92  103.92  103.92  103.92  103.92
2027  102.96  102.96  102.96  102.96  102.96  102.96  102.96  102.96  102.96  102.96  102.96  102.96
2028  101.69  101.69  101.69  101.69  101.69  101.69  101.69  101.69  101.69  101.69  101.69  101.69
2029  100.73  100.73  100.73  100.73  100.73  100.73  100.73  100.73  100.73  100.73  100.73  100.73
2030   99.77   99.77   99.77   99.77   99.77   99.77   99.77   99.77   99.77   99.77   99.77   99.77
2031   98.82   98.82   98.82   98.82   98.82   98.82   98.82   98.82   98.82   98.82   98.82   98.82
2032   97.86   97.86   97.86   97.86   97.86   97.86   97.86   97.86   97.86   97.86   97.86   97.86
2033    96.9    96.9    96.9    96.9    96.9    96.9    96.9    96.9    96.9    96.9    96.9    96.9
2034   95.31   95.31   95.31   95.31   95.31   95.31   95.31   95.31   95.31   95.31   95.31   95.31
2035   95.31   95.31   95.31   95.31   95.31   95.31   95.31   95.31   95.31   95.31   95.31   95.31
2036   95.31   95.31   95.31   95.31   95.31   95.31   95.31   95.31   95.31   95.31   95.31   95.31
2037   95.31   95.31   95.31   95.31   95.31   95.31   95.31   95.31   95.31   95.31   95.31   95.31
2038   95.31   95.31   95.31   95.31   95.31   95.31   95.31   95.31   95.31   95.31   95.31   95.31
2039   95.31   95.31   95.31   95.31   95.31   95.31   95.31   95.31   95.31   95.31   95.31   95.31
**** Fuel:    207 GAS (207)   
Year .....01 .....02 .....03 .....04 .....05 .....06 .....07 .....08 .....09 .....10 .....11 .....12
2025  104.88  104.88  104.88  104.88  104.88  104.88  104.88  104.88  104.88  104.88  104.88  104.88
2026  103.92  103.92  103.92  103.92  103.92  103.92  103.92  103.92  103.92  103.92  103.92  103.92
2027  102.96  102.96  102.96  102.96  102.96  102.96  102.96  102.96  102.96  102.96  102.96  102.96
2028  101.69  101.69  101.69  101.69  101.69  101.69  101.69  101.69  101.69  101.69  101.69  101.69
2029  100.73  100.73  100.73  100.73  100.73  100.73  100.73  100.73  100.73  100.73  100.73  100.73
2030   99.77   99.77   99.77   99.77   99.77   99.77   99.77   99.77   99.77   99.77   99.77   99.77
2031   98.82   98.82   98.82   98.82   98.82   98.82   98.82   98.82   98.82   98.82   98.82   98.82
2032   97.86   97.86   97.86   97.86   97.86   97.86   97.86   97.86   97.86   97.86   97.86   97.86
2033    96.9    96.9    96.9    96.9    96.9    96.9    96.9    96.9    96.9    96.9    96.9    96.9
2034   95.31   95.31   95.31   95.31   95.31   95.31   95.31   95.31   95.31   95.31   95.31   95.31
2035   95.31   95.31   95.31   95.31   95.31   95.31   95.31   95.31   95.31   95.31   95.31   95.31
2036   95.31   95.31   95.31   95.31   95.31   95.31   95.31   95.31   95.31   95.31   95.31   95.31
2037   95.31   95.31   95.31   95.31   95.31   95.31   95.31   95.31   95.31   95.31   95.31   95.31
2038   95.31   95.31   95.31   95.31   95.31   95.31   95.31   95.31   95.31   95.31   95.31   95.31
2039   95.31   95.31   95.31   95.31   95.31   95.31   95.31   95.31   95.31   95.31   95.31   95.31
**** Fuel:    209 GAS (209)   
Year .....01 .....02 .....03 .....04 .....05 .....06 .....07 .....08 .....09 .....10 .....11 .....12
2025  104.88  104.88  104.88  104.88  104.88  104.88  104.88  104.88  104.88  104.88  104.88  104.88
2026  103.92  103.92  103.92  103.92  103.92  103.92  103.92  103.92  103.92  103.92  103.92  103.92
2027  102.96  102.96  102.96  102.96  102.96  102.96  102.96  102.96  102.96  102.96  102.96  102.96
2028  101.69  101.69  101.69  101.69  101.69  101.69  101.69  101.69  101.69  101.69  101.69  101.69
2029  100.73  100.73  100.73  100.73  100.73  100.73  100.73  100.73  100.73  100.73  100.73  100.73
2030   99.77   99.77   99.77   99.77   99.77   99.77   99.77   99.77   99.77   99.77   99.77   99.77
2031   98.82   98.82   98.82   98.82   98.82   98.82   98.82   98.82   98.82   98.82   98.82   98.82
2032   97.86   97.86   97.86   97.86   97.86   97.86   97.86   97.86   97.86   97.86   97.86   97.86
2033    96.9    96.9    96.9    96.9    96.9    96.9    96.9    96.9    96.9    96.9    96.9    96.9
2034   95.31   95.31   95.31   95.31   95.31   95.31   95.31   95.31   95.31   95.31   95.31   95.31
2035   95.31   95.31   95.31   95.31   95.31   95.31   95.31   95.31   95.31   95.31   95.31   95.31
2036   95.31   95.31   95.31   95.31   95.31   95.31   95.31   95.31   95.31   95.31   95.31   95.31
2037   95.31   95.31   95.31   95.31   95.31   95.31   95.31   95.31   95.31   95.31   95.31   95.31
2038   95.31   95.31   95.31   95.31   95.31   95.31   95.31   95.31   95.31   95.31   95.31   95.31
2039   95.31   95.31   95.31   95.31   95.31   95.31   95.31   95.31   95.31   95.31   95.31   95.31
**** Fuel:    260 GAS (260)   
Year .....01 .....02 .....03 .....04 .....05 .....06 .....07 .....08 .....09 .....10 .....11 .....12
2025 1304.97 1304.97 1304.97 1304.97 1304.97 1304.97 1304.97 1304.97 1304.97 1304.97 1304.97 1304.97
2026    1135    1135    1135    1135    1135    1135    1135    1135    1135    1135    1135    1135
2027 1071.26 1071.26 1071.26 1071.26 1071.26 1071.26 1071.26 1071.26 1071.26 1071.26 1071.26 1071.26
2028 1007.52 1007.52 1007.52 1007.52 1007.52 1007.52 1007.52 1007.52 1007.52 1007.52 1007.52 1007.52
2029  943.78  943.78  943.78  943.78  943.78  943.78  943.78  943.78  943.78  943.78  943.78  943.78
2030  880.04  880.04  880.04  880.04  880.04  880.04  880.04  880.04  880.04  880.04  880.04  880.04
2031  846.05  846.05  846.05  846.05  846.05  846.05  846.05  846.05  846.05  846.05  846.05  846.05
2032  812.06  812.06  812.06  812.06  812.06  812.06  812.06  812.06  812.06  812.06  812.06  812.06
2033  778.06  778.06  778.06  778.06  778.06  778.06  778.06  778.06  778.06  778.06  778.06  778.06
2034  744.07  744.07  744.07  744.07  744.07  744.07  744.07  744.07  744.07  744.07  744.07  744.07
2035  744.07  744.07  744.07  744.07  744.07  744.07  744.07  744.07  744.07  744.07  744.07  744.07
2036  744.07  744.07  744.07  744.07  744.07  744.07  744.07  744.07  744.07  744.07  744.07  744.07
2037  744.07  744.07  744.07  744.07  744.07  744.07  744.07  744.07  744.07  744.07  744.07  744.07
2038  744.07  744.07  744.07  744.07  744.07  744.07  744.07  744.07  744.07  744.07  744.07  744.07
2039  744.07  744.07  744.07  744.07  744.07  744.07  744.07  744.07  744.07  744.07  744.07  744.07
**** Fuel:    327 DIESEL      
Year .....01 .....02 .....03 .....04 .....05 .....06 .....07 .....08 .....09 .....10 .....11 .....12
2025 1346.24 1346.24 1346.24 1346.24 1346.24 1346.24 1346.24 1346.24 1346.24 1346.24 1346.24 1346.24
2026 1349.07 1349.07 1349.07 1349.07 1349.07 1349.07 1349.07 1349.07 1349.07 1349.07 1349.07 1349.07
2027 1351.89 1351.89 1351.89 1351.89 1351.89 1351.89 1351.89 1351.89 1351.89 1351.89 1351.89 1351.89
2028 1354.71 1354.71 1354.71 1354.71 1354.71 1354.71 1354.71 1354.71 1354.71 1354.71 1354.71 1354.71
2029 1357.53 1357.53 1357.53 1357.53 1357.53 1357.53 1357.53 1357.53 1357.53 1357.53 1357.53 1357.53
2030 1360.35 1360.35 1360.35 1360.35 1360.35 1360.35 1360.35 1360.35 1360.35 1360.35 1360.35 1360.35
2031 1361.76 1361.76 1361.76 1361.76 1361.76 1361.76 1361.76 1361.76 1361.76 1361.76 1361.76 1361.76
2032 1364.58 1364.58 1364.58 1364.58 1364.58 1364.58 1364.58 1364.58 1364.58 1364.58 1364.58 1364.58
2033 1349.07 1349.07 1349.07 1349.07 1349.07 1349.07 1349.07 1349.07 1349.07 1349.07 1349.07 1349.07
2034 1336.37 1336.37 1336.37 1336.37 1336.37 1336.37 1336.37 1336.37 1336.37 1336.37 1336.37 1336.37
2035 1336.37 1336.37 1336.37 1336.37 1336.37 1336.37 1336.37 1336.37 1336.37 1336.37 1336.37 1336.37
2036 1336.37 1336.37 1336.37 1336.37 1336.37 1336.37 1336.37 1336.37 1336.37 1336.37 1336.37 1336.37
2037 1336.37 1336.37 1336.37 1336.37 1336.37 1336.37 1336.37 1336.37 1336.37 1336.37 1336.37 1336.37
2038 1336.37 1336.37 1336.37 1336.37 1336.37 1336.37 1336.37 1336.37 1336.37 1336.37 1336.37 1336.37
2039 1336.37 1336.37 1336.37 1336.37 1336.37 1336.37 1336.37 1336.37 1336.37 1336.37 1336.37 1336.37
**** Fuel:    547 GAS (547)   
Year .....01 .....02 .....03 .....04 .....05 .....06 .....07 .....08 .....09 .....10 .....11 .....12
2025     854     854     854     854     854     854     854     854     854     854     854     854
2026     853     853     853     853     853     853     853     853     853     853     853     853
2027     827     827     827     827     827     827     827     827     827     827     827     827
2028     902     902     902     902     902     902     902     902     902     902     902     902
2029     906     906     906     906     906     906     906     906     906     906     906     906
2030     911     911     911     911     911     911     911     911     911     911     911     911
2031     917     917     917     917     917     917     917     917     917     917     917     917
2032     923     923     923     923     923     923     923     923     923     923     923     923
2033     928     928     928     928     928     928     928     928     928     928     928     928
2034     935     935     935     935     935     935     935     935     935     935     935     935
2035     939     939     939     939     939     939     939     939     939     939     939     939
2036     945     945     945     945     945     945     945     945     945     945     945     945
2037     953     953     953     953     953     953     953     953     953     953     953     953
2038     958     958     958     958     958     958     958     958     958     958     958     958
2039     964     964     964     964     964     964     964     964     964     964     964     964
**** Fuel:    783 GAS (783)   
Year .....01 .....02 .....03 .....04 .....05 .....06 .....07 .....08 .....09 .....10 .....11 .....12
2025     978     978     978     978     978     978     978     978     978     978     978     978
2026 1034.19 1034.19 1034.19 1034.19 1034.19 1034.19 1034.19 1034.19 1034.19 1034.19 1034.19 1034.19
2027 1038.57 1038.57 1038.57 1038.57 1038.57 1038.57 1038.57 1038.57 1038.57 1038.57 1038.57 1038.57
2028  1044.5  1044.5  1044.5  1044.5  1044.5  1044.5  1044.5  1044.5  1044.5  1044.5  1044.5  1044.5
2029 1050.63 1050.63 1050.63 1050.63 1050.63 1050.63 1050.63 1050.63 1050.63 1050.63 1050.63 1050.63
2030  1057.8  1057.8  1057.8  1057.8  1057.8  1057.8  1057.8  1057.8  1057.8  1057.8  1057.8  1057.8
2031  1063.6  1063.6  1063.6  1063.6  1063.6  1063.6  1063.6  1063.6  1063.6  1063.6  1063.6  1063.6
2032 1072.12 1072.12 1072.12 1072.12 1072.12 1072.12 1072.12 1072.12 1072.12 1072.12 1072.12 1072.12
2033 1076.89 1076.89 1076.89 1076.89 1076.89 1076.89 1076.89 1076.89 1076.89 1076.89 1076.89 1076.89
2034 1084.01 1084.01 1084.01 1084.01 1084.01 1084.01 1084.01 1084.01 1084.01 1084.01 1084.01 1084.01
2035 1092.89 1092.89 1092.89 1092.89 1092.89 1092.89 1092.89 1092.89 1092.89 1092.89 1092.89 1092.89
2036    1099    1099    1099    1099    1099    1099    1099    1099    1099    1099    1099    1099
2037 1105.76 1105.76 1105.76 1105.76 1105.76 1105.76 1105.76 1105.76 1105.76 1105.76 1105.76 1105.76
2038 1111.31 1111.31 1111.31 1111.31 1111.31 1111.31 1111.31 1111.31 1111.31 1111.31 1111.31 1111.31
2039 1116.85 1116.85 1116.85 1116.85 1116.85 1116.85 1116.85 1116.85 1116.85 1116.85 1116.85 1116.85
**** Fuel:    784 GAS (784)   
Year .....01 .....02 .....03 .....04 .....05 .....06 .....07 .....08 .....09 .....10 .....11 .....12
2025    1116    1116    1116    1116    1116    1116    1116    1116    1116    1116    1116    1116
2026  1179.7  1179.7  1179.7  1179.7  1179.7  1179.7  1179.7  1179.7  1179.7  1179.7  1179.7  1179.7
2027 1184.73 1184.73 1184.73 1184.73 1184.73 1184.73 1184.73 1184.73 1184.73 1184.73 1184.73 1184.73
2028 1191.53 1191.53 1191.53 1191.53 1191.53 1191.53 1191.53 1191.53 1191.53 1191.53 1191.53 1191.53
2029 1198.56 1198.56 1198.56 1198.56 1198.56 1198.56 1198.56 1198.56 1198.56 1198.56 1198.56 1198.56
2030 1206.78 1206.78 1206.78 1206.78 1206.78 1206.78 1206.78 1206.78 1206.78 1206.78 1206.78 1206.78
2031 1213.44 1213.44 1213.44 1213.44 1213.44 1213.44 1213.44 1213.44 1213.44 1213.44 1213.44 1213.44
2032 1223.21 1223.21 1223.21 1223.21 1223.21 1223.21 1223.21 1223.21 1223.21 1223.21 1223.21 1223.21
2033 1228.68 1228.68 1228.68 1228.68 1228.68 1228.68 1228.68 1228.68 1228.68 1228.68 1228.68 1228.68
2034 1236.85 1236.85 1236.85 1236.85 1236.85 1236.85 1236.85 1236.85 1236.85 1236.85 1236.85 1236.85
2035 1247.03 1247.03 1247.03 1247.03 1247.03 1247.03 1247.03 1247.03 1247.03 1247.03 1247.03 1247.03
2036 1254.04 1254.04 1254.04 1254.04 1254.04 1254.04 1254.04 1254.04 1254.04 1254.04 1254.04 1254.04
2037  1261.8  1261.8  1261.8  1261.8  1261.8  1261.8  1261.8  1261.8  1261.8  1261.8  1261.8  1261.8
2038 1268.16 1268.16 1268.16 1268.16 1268.16 1268.16 1268.16 1268.16 1268.16 1268.16 1268.16 1268.16
2039 1274.52 1274.52 1274.52 1274.52 1274.52 1274.52 1274.52 1274.52 1274.52 1274.52 1274.52 1274.52
**** Fuel:    785 GAS (785)   
Year .....01 .....02 .....03 .....04 .....05 .....06 .....07 .....08 .....09 .....10 .....11 .....12
2025    1029    1029    1029    1029    1029    1029    1029    1029    1029    1029    1029    1029
2026 1087.67 1087.67 1087.67 1087.67 1087.67 1087.67 1087.67 1087.67 1087.67 1087.67 1087.67 1087.67
2027  1092.3  1092.3  1092.3  1092.3  1092.3  1092.3  1092.3  1092.3  1092.3  1092.3  1092.3  1092.3
2028 1098.55 1098.55 1098.55 1098.55 1098.55 1098.55 1098.55 1098.55 1098.55 1098.55 1098.55 1098.55
2029    1105    1105    1105    1105    1105    1105    1105    1105    1105    1105    1105    1105
2030 1112.56 1112.56 1112.56 1112.56 1112.56 1112.56 1112.56 1112.56 1112.56 1112.56 1112.56 1112.56
2031 1118.68 1118.68 1118.68 1118.68 1118.68 1118.68 1118.68 1118.68 1118.68 1118.68 1118.68 1118.68
2032 1127.65 1127.65 1127.65 1127.65 1127.65 1127.65 1127.65 1127.65 1127.65 1127.65 1127.65 1127.65
2033 1132.68 1132.68 1132.68 1132.68 1132.68 1132.68 1132.68 1132.68 1132.68 1132.68 1132.68 1132.68
2034 1140.19 1140.19 1140.19 1140.19 1140.19 1140.19 1140.19 1140.19 1140.19 1140.19 1140.19 1140.19
2035 1149.55 1149.55 1149.55 1149.55 1149.55 1149.55 1149.55 1149.55 1149.55 1149.55 1149.55 1149.55
2036 1155.99 1155.99 1155.99 1155.99 1155.99 1155.99 1155.99 1155.99 1155.99 1155.99 1155.99 1155.99
2037 1163.12 1163.12 1163.12 1163.12 1163.12 1163.12 1163.12 1163.12 1163.12 1163.12 1163.12 1163.12
2038 1168.96 1168.96 1168.96 1168.96 1168.96 1168.96 1168.96 1168.96 1168.96 1168.96 1168.96 1168.96
2039  1174.8  1174.8  1174.8  1174.8  1174.8  1174.8  1174.8  1174.8  1174.8  1174.8  1174.8  1174.8
**** Fuel:    786 GAS (786)   
Year .....01 .....02 .....03 .....04 .....05 .....06 .....07 .....08 .....09 .....10 .....11 .....12
2025     912     912     912     912     912     912     912     912     912     912     912     912
2026  963.51  963.51  963.51  963.51  963.51  963.51  963.51  963.51  963.51  963.51  963.51  963.51
2027  967.58  967.58  967.58  967.58  967.58  967.58  967.58  967.58  967.58  967.58  967.58  967.58
2028  973.09  973.09  973.09  973.09  973.09  973.09  973.09  973.09  973.09  973.09  973.09  973.09
2029  978.78  978.78  978.78  978.78  978.78  978.78  978.78  978.78  978.78  978.78  978.78  978.78
2030  985.43  985.43  985.43  985.43  985.43  985.43  985.43  985.43  985.43  985.43  985.43  985.43
2031  990.83  990.83  990.83  990.83  990.83  990.83  990.83  990.83  990.83  990.83  990.83  990.83
2032  998.73  998.73  998.73  998.73  998.73  998.73  998.73  998.73  998.73  998.73  998.73  998.73
2033 1003.16 1003.16 1003.16 1003.16 1003.16 1003.16 1003.16 1003.16 1003.16 1003.16 1003.16 1003.16
2034 1009.77 1009.77 1009.77 1009.77 1009.77 1009.77 1009.77 1009.77 1009.77 1009.77 1009.77 1009.77
2035 1018.02 1018.02 1018.02 1018.02 1018.02 1018.02 1018.02 1018.02 1018.02 1018.02 1018.02 1018.02
2036 1023.69 1023.69 1023.69 1023.69 1023.69 1023.69 1023.69 1023.69 1023.69 1023.69 1023.69 1023.69
2037 1029.97 1029.97 1029.97 1029.97 1029.97 1029.97 1029.97 1029.97 1029.97 1029.97 1029.97 1029.97
2038 1035.12 1035.12 1035.12 1035.12 1035.12 1035.12 1035.12 1035.12 1035.12 1035.12 1035.12 1035.12
2039 1040.27 1040.27 1040.27 1040.27 1040.27 1040.27 1040.27 1040.27 1040.27 1040.27 1040.27 1040.27
**** Fuel:    787 GAS (787)   
Year .....01 .....02 .....03 .....04 .....05 .....06 .....07 .....08 .....09 .....10 .....11 .....12
2025    1029    1029    1029    1029    1029    1029    1029    1029    1029    1029    1029    1029
2026 1087.67 1087.67 1087.67 1087.67 1087.67 1087.67 1087.67 1087.67 1087.67 1087.67 1087.67 1087.67
2027  1092.3  1092.3  1092.3  1092.3  1092.3  1092.3  1092.3  1092.3  1092.3  1092.3  1092.3  1092.3
2028 1098.55 1098.55 1098.55 1098.55 1098.55 1098.55 1098.55 1098.55 1098.55 1098.55 1098.55 1098.55
2029    1105    1105    1105    1105    1105    1105    1105    1105    1105    1105    1105    1105
2030 1112.56 1112.56 1112.56 1112.56 1112.56 1112.56 1112.56 1112.56 1112.56 1112.56 1112.56 1112.56
2031 1118.68 1118.68 1118.68 1118.68 1118.68 1118.68 1118.68 1118.68 1118.68 1118.68 1118.68 1118.68
2032 1127.65 1127.65 1127.65 1127.65 1127.65 1127.65 1127.65 1127.65 1127.65 1127.65 1127.65 1127.65
2033 1132.68 1132.68 1132.68 1132.68 1132.68 1132.68 1132.68 1132.68 1132.68 1132.68 1132.68 1132.68
2034 1140.19 1140.19 1140.19 1140.19 1140.19 1140.19 1140.19 1140.19 1140.19 1140.19 1140.19 1140.19
2035 1149.55 1149.55 1149.55 1149.55 1149.55 1149.55 1149.55 1149.55 1149.55 1149.55 1149.55 1149.55
2036 1155.99 1155.99 1155.99 1155.99 1155.99 1155.99 1155.99 1155.99 1155.99 1155.99 1155.99 1155.99
2037 1163.12 1163.12 1163.12 1163.12 1163.12 1163.12 1163.12 1163.12 1163.12 1163.12 1163.12 1163.12
2038 1168.96 1168.96 1168.96 1168.96 1168.96 1168.96 1168.96 1168.96 1168.96 1168.96 1168.96 1168.96
2039  1174.8  1174.8  1174.8  1174.8  1174.8  1174.8  1174.8  1174.8  1174.8  1174.8  1174.8  1174.8
**** Fuel:    788 GAS (788)   
Year .....01 .....02 .....03 .....04 .....05 .....06 .....07 .....08 .....09 .....10 .....11 .....12
2025     803     803     803     803     803     803     803     803     803     803     803     803
2026  848.66  848.66  848.66  848.66  848.66  848.66  848.66  848.66  848.66  848.66  848.66  848.66
2027  852.23  852.23  852.23  852.23  852.23  852.23  852.23  852.23  852.23  852.23  852.23  852.23
2028  857.04  857.04  857.04  857.04  857.04  857.04  857.04  857.04  857.04  857.04  857.04  857.04
2029  862.02  862.02  862.02  862.02  862.02  862.02  862.02  862.02  862.02  862.02  862.02  862.02
2030  867.84  867.84  867.84  867.84  867.84  867.84  867.84  867.84  867.84  867.84  867.84  867.84
2031  872.56  872.56  872.56  872.56  872.56  872.56  872.56  872.56  872.56  872.56  872.56  872.56
2032  879.48  879.48  879.48  879.48  879.48  879.48  879.48  879.48  879.48  879.48  879.48  879.48
2033  883.35  883.35  883.35  883.35  883.35  883.35  883.35  883.35  883.35  883.35  883.35  883.35
2034  889.14  889.14  889.14  889.14  889.14  889.14  889.14  889.14  889.14  889.14  889.14  889.14
2035  896.36  896.36  896.36  896.36  896.36  896.36  896.36  896.36  896.36  896.36  896.36  896.36
2036  901.32  901.32  901.32  901.32  901.32  901.32  901.32  901.32  901.32  901.32  901.32  901.32
2037  906.81  906.81  906.81  906.81  906.81  906.81  906.81  906.81  906.81  906.81  906.81  906.81
2038  911.32  911.32  911.32  911.32  911.32  911.32  911.32  911.32  911.32  911.32  911.32  911.32
2039  915.83  915.83  915.83  915.83  915.83  915.83  915.83  915.83  915.83  915.83  915.83  915.83
