**** Fuel:     98 OLEO (98)   
Year .....01 .....02 .....03 .....04 .....05 .....06 .....07 .....08 .....09 .....10 .....11 .....12
2025  1098.4  1098.4  1098.4  1098.4  1098.4  1098.4  1098.4  1098.4  1098.4  1098.4  1098.4  1098.4
2026 1100.95 1100.95 1100.95 1100.95 1100.95 1100.95 1100.95 1100.95 1100.95 1100.95 1100.95 1100.95
2027  1103.5  1103.5  1103.5  1103.5  1103.5  1103.5  1103.5  1103.5  1103.5  1103.5  1103.5  1103.5
2028 1106.05 1106.05 1106.05 1106.05 1106.05 1106.05 1106.05 1106.05 1106.05 1106.05 1106.05 1106.05
2029  1108.6  1108.6  1108.6  1108.6  1108.6  1108.6  1108.6  1108.6  1108.6  1108.6  1108.6  1108.6
2030 1111.15 1111.15 1111.15 1111.15 1111.15 1111.15 1111.15 1111.15 1111.15 1111.15 1111.15 1111.15
2031 1112.42 1112.42 1112.42 1112.42 1112.42 1112.42 1112.42 1112.42 1112.42 1112.42 1112.42 1112.42
2032 1114.97 1114.97 1114.97 1114.97 1114.97 1114.97 1114.97 1114.97 1114.97 1114.97 1114.97 1114.97
2033 1100.95 1100.95 1100.95 1100.95 1100.95 1100.95 1100.95 1100.95 1100.95 1100.95 1100.95 1100.95
2034 1089.47 1089.47 1089.47 1089.47 1089.47 1089.47 1089.47 1089.47 1089.47 1089.47 1089.47 1089.47
2035 1089.47 1089.47 1089.47 1089.47 1089.47 1089.47 1089.47 1089.47 1089.47 1089.47 1089.47 1089.47
2036 1089.47 1089.47 1089.47 1089.47 1089.47 1089.47 1089.47 1089.47 1089.47 1089.47 1089.47 1089.47
2037 1089.47 1089.47 1089.47 1089.47 1089.47 1089.47 1089.47 1089.47 1089.47 1089.47 1089.47 1089.47
2038 1089.47 1089.47 1089.47 1089.47 1089.47 1089.47 1089.47 1089.47 1089.47 1089.47 1089.47 1089.47
2039 1089.47 1089.47 1089.47 1089.47 1089.47 1089.47 1089.47 1089.47 1089.47 1089.47 1089.47 1089.47
**** Fuel:    235 DIESEL (235)
Year .....01 .....02 .....03 .....04 .....05 .....06 .....07 .....08 .....09 .....10 .....11 .....12
2025 3448.75 3448.75 3448.75 3448.75 3448.75 3448.75 3448.75 3448.75 3448.75 3448.75 3448.75 3448.75
2026  3456.8  3456.8  3456.8  3456.8  3456.8  3456.8  3456.8  3456.8  3456.8  3456.8  3456.8  3456.8
2027 3464.85 3464.85 3464.85 3464.85 3464.85 3464.85 3464.85 3464.85 3464.85 3464.85 3464.85 3464.85
2028 3472.91 3472.91 3472.91 3472.91 3472.91 3472.91 3472.91 3472.91 3472.91 3472.91 3472.91 3472.91
2029 3480.96 3480.96 3480.96 3480.96 3480.96 3480.96 3480.96 3480.96 3480.96 3480.96 3480.96 3480.96
2030 3489.01 3489.01 3489.01 3489.01 3489.01 3489.01 3489.01 3489.01 3489.01 3489.01 3489.01 3489.01
2031 3493.04 3493.04 3493.04 3493.04 3493.04 3493.04 3493.04 3493.04 3493.04 3493.04 3493.04 3493.04
2032 3501.09 3501.09 3501.09 3501.09 3501.09 3501.09 3501.09 3501.09 3501.09 3501.09 3501.09 3501.09
2033  3456.8  3456.8  3456.8  3456.8  3456.8  3456.8  3456.8  3456.8  3456.8  3456.8  3456.8  3456.8
2034 3420.57 3420.57 3420.57 3420.57 3420.57 3420.57 3420.57 3420.57 3420.57 3420.57 3420.57 3420.57
2035 3420.57 3420.57 3420.57 3420.57 3420.57 3420.57 3420.57 3420.57 3420.57 3420.57 3420.57 3420.57
2036 3420.57 3420.57 3420.57 3420.57 3420.57 3420.57 3420.57 3420.57 3420.57 3420.57 3420.57 3420.57
2037 3420.57 3420.57 3420.57 3420.57 3420.57 3420.57 3420.57 3420.57 3420.57 3420.57 3420.57 3420.57
2038 3420.57 3420.57 3420.57 3420.57 3420.57 3420.57 3420.57 3420.57 3420.57 3420.57 3420.57 3420.57
2039 3420.57 3420.57 3420.57 3420.57 3420.57 3420.57 3420.57 3420.57 3420.57 3420.57 3420.57 3420.57
**** Fuel:    162 DIESEL (162)
Year .....01 .....02 .....03 .....04 .....05 .....06 .....07 .....08 .....09 .....10 .....11 .....12
2025    3485    3485    3485    3485    3485    3485    3485    3485    3485    3485    3485    3485
2026 3493.14 3493.14 3493.14 3493.14 3493.14 3493.14 3493.14 3493.14 3493.14 3493.14 3493.14 3493.14
2027 3501.28 3501.28 3501.28 3501.28 3501.28 3501.28 3501.28 3501.28 3501.28 3501.28 3501.28 3501.28
2028 3509.42 3509.42 3509.42 3509.42 3509.42 3509.42 3509.42 3509.42 3509.42 3509.42 3509.42 3509.42
2029 3517.56 3517.56 3517.56 3517.56 3517.56 3517.56 3517.56 3517.56 3517.56 3517.56 3517.56 3517.56
2030 3525.69 3525.69 3525.69 3525.69 3525.69 3525.69 3525.69 3525.69 3525.69 3525.69 3525.69 3525.69
2031 3529.76 3529.76 3529.76 3529.76 3529.76 3529.76 3529.76 3529.76 3529.76 3529.76 3529.76 3529.76
2032  3537.9  3537.9  3537.9  3537.9  3537.9  3537.9  3537.9  3537.9  3537.9  3537.9  3537.9  3537.9
2033 3493.14 3493.14 3493.14 3493.14 3493.14 3493.14 3493.14 3493.14 3493.14 3493.14 3493.14 3493.14
2034 3456.52 3456.52 3456.52 3456.52 3456.52 3456.52 3456.52 3456.52 3456.52 3456.52 3456.52 3456.52
2035 3456.52 3456.52 3456.52 3456.52 3456.52 3456.52 3456.52 3456.52 3456.52 3456.52 3456.52 3456.52
2036 3456.52 3456.52 3456.52 3456.52 3456.52 3456.52 3456.52 3456.52 3456.52 3456.52 3456.52 3456.52
2037 3456.52 3456.52 3456.52 3456.52 3456.52 3456.52 3456.52 3456.52 3456.52 3456.52 3456.52 3456.52
2038 3456.52 3456.52 3456.52 3456.52 3456.52 3456.52 3456.52 3456.52 3456.52 3456.52 3456.52 3456.52
2039 3456.52 3456.52 3456.52 3456.52 3456.52 3456.52 3456.52 3456.52 3456.52 3456.52 3456.52 3456.52
**** Fuel:    167 CARVAO      
Year .....01 .....02 .....03 .....04 .....05 .....06 .....07 .....08 .....09 .....10 .....11 .....12
2025  533.05  533.05  533.05  533.05  533.05  533.05  533.05  533.05  533.05  533.05  533.05  533.05
2026  534.28  534.28  534.28  534.28  534.28  534.28  534.28  534.28  534.28  534.28  534.28  534.28
2027  535.51  535.51  535.51  535.51  535.51  535.51  535.51  535.51  535.51  535.51  535.51  535.51
2028  536.75  536.75  536.75  536.75  536.75  536.75  536.75  536.75  536.75  536.75  536.75  536.75
2029  537.98  537.98  537.98  537.98  537.98  537.98  537.98  537.98  537.98  537.98  537.98  537.98
2030  539.21  539.21  539.21  539.21  539.21  539.21  539.21  539.21  539.21  539.21  539.21  539.21
2031  539.83  539.83  539.83  539.83  539.83  539.83  539.83  539.83  539.83  539.83  539.83  539.83
2032  541.06  541.06  541.06  541.06  541.06  541.06  541.06  541.06  541.06  541.06  541.06  541.06
2033  534.28  534.28  534.28  534.28  534.28  534.28  534.28  534.28  534.28  534.28  534.28  534.28
2034  528.73  528.73  528.73  528.73  528.73  528.73  528.73  528.73  528.73  528.73  528.73  528.73
2035  528.73  528.73  528.73  528.73  528.73  528.73  528.73  528.73  528.73  528.73  528.73  528.73
2036  528.73  528.73  528.73  528.73  528.73  528.73  528.73  528.73  528.73  528.73  528.73  528.73
2037  528.73  528.73  528.73  528.73  528.73  528.73  528.73  528.73  528.73  528.73  528.73  528.73
2038  528.73  528.73  528.73  528.73  528.73  528.73  528.73  528.73  528.73  528.73  528.73  528.73
2039  528.73  528.73  528.73  528.73  528.73  528.73  528.73  528.73  528.73  528.73  528.73  528.73
**** Fuel:    163 CARVAO (163)
Year .....01 .....02 .....03 .....04 .....05 .....06 .....07 .....08 .....09 .....10 .....11 .....12
2025  530.93  530.93  530.93  530.93  530.93  530.93  530.93  530.93  530.93  530.93  530.93  530.93
2026   532.1   532.1   532.1   532.1   532.1   532.1   532.1   532.1   532.1   532.1   532.1   532.1
2027  533.27  533.27  533.27  533.27  533.27  533.27  533.27  533.27  533.27  533.27  533.27  533.27
2028  534.44  534.44  534.44  534.44  534.44  534.44  534.44  534.44  534.44  534.44  534.44  534.44
2029  535.61  535.61  535.61  535.61  535.61  535.61  535.61  535.61  535.61  535.61  535.61  535.61
2030  536.78  536.78  536.78  536.78  536.78  536.78  536.78  536.78  536.78  536.78  536.78  536.78
2031  537.37  537.37  537.37  537.37  537.37  537.37  537.37  537.37  537.37  537.37  537.37  537.37
2032  538.54  538.54  538.54  538.54  538.54  538.54  538.54  538.54  538.54  538.54  538.54  538.54
2033   532.1   532.1   532.1   532.1   532.1   532.1   532.1   532.1   532.1   532.1   532.1   532.1
2034  526.84  526.84  526.84  526.84  526.84  526.84  526.84  526.84  526.84  526.84  526.84  526.84
2035  526.84  526.84  526.84  526.84  526.84  526.84  526.84  526.84  526.84  526.84  526.84  526.84
2036  526.84  526.84  526.84  526.84  526.84  526.84  526.84  526.84  526.84  526.84  526.84  526.84
2037  526.84  526.84  526.84  526.84  526.84  526.84  526.84  526.84  526.84  526.84  526.84  526.84
2038  526.84  526.84  526.84  526.84  526.84  526.84  526.84  526.84  526.84  526.84  526.84  526.84
2039  526.84  526.84  526.84  526.84  526.84  526.84  526.84  526.84  526.84  526.84  526.84  526.84
**** Fuel:    224 GNL         
Year .....01 .....02 .....03 .....04 .....05 .....06 .....07 .....08 .....09 .....10 .....11 .....12
2025  425.68  425.68  425.68  425.68  425.68  425.68  425.68  425.68  425.68  425.68  425.68  425.68
2026  426.59  426.59  426.59  426.59  426.59  426.59  426.59  426.59  426.59  426.59  426.59  426.59
2027   427.5   427.5   427.5   427.5   427.5   427.5   427.5   427.5   427.5   427.5   427.5   427.5
2028   428.4   428.4   428.4   428.4   428.4   428.4   428.4   428.4   428.4   428.4   428.4   428.4
2029  429.31  429.31  429.31  429.31  429.31  429.31  429.31  429.31  429.31  429.31  429.31  429.31
2030  430.22  430.22  430.22  430.22  430.22  430.22  430.22  430.22  430.22  430.22  430.22  430.22
2031  430.67  430.67  430.67  430.67  430.67  430.67  430.67  430.67  430.67  430.67  430.67  430.67
2032  431.58  431.58  431.58  431.58  431.58  431.58  431.58  431.58  431.58  431.58  431.58  431.58
2033  426.59  426.59  426.59  426.59  426.59  426.59  426.59  426.59  426.59  426.59  426.59  426.59
2034   422.5   422.5   422.5   422.5   422.5   422.5   422.5   422.5   422.5   422.5   422.5   422.5
2035   422.5   422.5   422.5   422.5   422.5   422.5   422.5   422.5   422.5   422.5   422.5   422.5
2036   422.5   422.5   422.5   422.5   422.5   422.5   422.5   422.5   422.5   422.5   422.5   422.5
2037   422.5   422.5   422.5   422.5   422.5   422.5   422.5   422.5   422.5   422.5   422.5   422.5
2038   422.5   422.5   422.5   422.5   422.5   422.5   422.5   422.5   422.5   422.5   422.5   422.5
2039   422.5   422.5   422.5   422.5   422.5   422.5   422.5   422.5   422.5   422.5   422.5   422.5
**** Fuel:     53 OLEO (53)   
Year .....01 .....02 .....03 .....04 .....05 .....06 .....07 .....08 .....09 .....10 .....11 .....12
2025 1509.27 1509.27 1509.27 1509.27 1509.27 1509.27 1509.27 1509.27 1509.27 1509.27 1509.27 1509.27
2026 1581.18 1581.18 1581.18 1581.18 1581.18 1581.18 1581.18 1581.18 1581.18 1581.18 1581.18 1581.18
2027 1584.58 1584.58 1584.58 1584.58 1584.58 1584.58 1584.58 1584.58 1584.58 1584.58 1584.58 1584.58
2028 1587.98 1587.98 1587.98 1587.98 1587.98 1587.98 1587.98 1587.98 1587.98 1587.98 1587.98 1587.98
2029 1591.38 1591.38 1591.38 1591.38 1591.38 1591.38 1591.38 1591.38 1591.38 1591.38 1591.38 1591.38
2030 1594.78 1594.78 1594.78 1594.78 1594.78 1594.78 1594.78 1594.78 1594.78 1594.78 1594.78 1594.78
2031 1596.48 1596.48 1596.48 1596.48 1596.48 1596.48 1596.48 1596.48 1596.48 1596.48 1596.48 1596.48
2032 1599.88 1599.88 1599.88 1599.88 1599.88 1599.88 1599.88 1599.88 1599.88 1599.88 1599.88 1599.88
2033 1581.18 1581.18 1581.18 1581.18 1581.18 1581.18 1581.18 1581.18 1581.18 1581.18 1581.18 1581.18
2034 1565.88 1565.88 1565.88 1565.88 1565.88 1565.88 1565.88 1565.88 1565.88 1565.88 1565.88 1565.88
2035 1565.88 1565.88 1565.88 1565.88 1565.88 1565.88 1565.88 1565.88 1565.88 1565.88 1565.88 1565.88
2036 1565.88 1565.88 1565.88 1565.88 1565.88 1565.88 1565.88 1565.88 1565.88 1565.88 1565.88 1565.88
2037 1565.88 1565.88 1565.88 1565.88 1565.88 1565.88 1565.88 1565.88 1565.88 1565.88 1565.88 1565.88
2038 1565.88 1565.88 1565.88 1565.88 1565.88 1565.88 1565.88 1565.88 1565.88 1565.88 1565.88 1565.88
2039 1565.88 1565.88 1565.88 1565.88 1565.88 1565.88 1565.88 1565.88 1565.88 1565.88 1565.88 1565.88
**** Fuel:     55 OLEO (55)   
Year .....01 .....02 .....03 .....04 .....05 .....06 .....07 .....08 .....09 .....10 .....11 .....12
2025 1509.27 1509.27 1509.27 1509.27 1509.27 1509.27 1509.27 1509.27 1509.27 1509.27 1509.27 1509.27
2026 1581.18 1581.18 1581.18 1581.18 1581.18 1581.18 1581.18 1581.18 1581.18 1581.18 1581.18 1581.18
2027 1584.58 1584.58 1584.58 1584.58 1584.58 1584.58 1584.58 1584.58 1584.58 1584.58 1584.58 1584.58
2028 1587.98 1587.98 1587.98 1587.98 1587.98 1587.98 1587.98 1587.98 1587.98 1587.98 1587.98 1587.98
2029 1591.38 1591.38 1591.38 1591.38 1591.38 1591.38 1591.38 1591.38 1591.38 1591.38 1591.38 1591.38
2030 1594.78 1594.78 1594.78 1594.78 1594.78 1594.78 1594.78 1594.78 1594.78 1594.78 1594.78 1594.78
2031 1596.48 1596.48 1596.48 1596.48 1596.48 1596.48 1596.48 1596.48 1596.48 1596.48 1596.48 1596.48
2032 1599.88 1599.88 1599.88 1599.88 1599.88 1599.88 1599.88 1599.88 1599.88 1599.88 1599.88 1599.88
2033 1581.18 1581.18 1581.18 1581.18 1581.18 1581.18 1581.18 1581.18 1581.18 1581.18 1581.18 1581.18
2034 1565.88 1565.88 1565.88 1565.88 1565.88 1565.88 1565.88 1565.88 1565.88 1565.88 1565.88 1565.88
2035 1565.88 1565.88 1565.88 1565.88 1565.88 1565.88 1565.88 1565.88 1565.88 1565.88 1565.88 1565.88
2036 1565.88 1565.88 1565.88 1565.88 1565.88 1565.88 1565.88 1565.88 1565.88 1565.88 1565.88 1565.88
2037 1565.88 1565.88 1565.88 1565.88 1565.88 1565.88 1565.88 1565.88 1565.88 1565.88 1565.88 1565.88
2038 1565.88 1565.88 1565.88 1565.88 1565.88 1565.88 1565.88 1565.88 1565.88 1565.88 1565.88 1565.88
2039 1565.88 1565.88 1565.88 1565.88 1565.88 1565.88 1565.88 1565.88 1565.88 1565.88 1565.88 1565.88
**** Fuel:    151 DIESEL (151)
Year .....01 .....02 .....03 .....04 .....05 .....06 .....07 .....08 .....09 .....10 .....11 .....12
2025 1313.36 1313.36 1313.36 1313.36 1313.36 1313.36 1313.36 1313.36 1313.36 1313.36 1313.36 1313.36
2026 2632.26 2632.26 2632.26 2632.26 2632.26 2632.26 2632.26 2632.26 2632.26 2632.26 2632.26 2632.26
2027  2637.8  2637.8  2637.8  2637.8  2637.8  2637.8  2637.8  2637.8  2637.8  2637.8  2637.8  2637.8
2028 2643.35 2643.35 2643.35 2643.35 2643.35 2643.35 2643.35 2643.35 2643.35 2643.35 2643.35 2643.35
2029 2648.89 2648.89 2648.89 2648.89 2648.89 2648.89 2648.89 2648.89 2648.89 2648.89 2648.89 2648.89
2030 2654.43 2654.43 2654.43 2654.43 2654.43 2654.43 2654.43 2654.43 2654.43 2654.43 2654.43 2654.43
2031 2657.21 2657.21 2657.21 2657.21 2657.21 2657.21 2657.21 2657.21 2657.21 2657.21 2657.21 2657.21
2032 2662.75 2662.75 2662.75 2662.75 2662.75 2662.75 2662.75 2662.75 2662.75 2662.75 2662.75 2662.75
2033 2632.26 2632.26 2632.26 2632.26 2632.26 2632.26 2632.26 2632.26 2632.26 2632.26 2632.26 2632.26
2034 2607.32 2607.32 2607.32 2607.32 2607.32 2607.32 2607.32 2607.32 2607.32 2607.32 2607.32 2607.32
2035 2607.32 2607.32 2607.32 2607.32 2607.32 2607.32 2607.32 2607.32 2607.32 2607.32 2607.32 2607.32
2036 2607.32 2607.32 2607.32 2607.32 2607.32 2607.32 2607.32 2607.32 2607.32 2607.32 2607.32 2607.32
2037 2607.32 2607.32 2607.32 2607.32 2607.32 2607.32 2607.32 2607.32 2607.32 2607.32 2607.32 2607.32
2038 2607.32 2607.32 2607.32 2607.32 2607.32 2607.32 2607.32 2607.32 2607.32 2607.32 2607.32 2607.32
2039 2607.32 2607.32 2607.32 2607.32 2607.32 2607.32 2607.32 2607.32 2607.32 2607.32 2607.32 2607.32
**** Fuel:    161 DIESEL (161)
Year .....01 .....02 .....03 .....04 .....05 .....06 .....07 .....08 .....09 .....10 .....11 .....12
2025 1313.36 1313.36 1313.36 1313.36 1313.36 1313.36 1313.36 1313.36 1313.36 1313.36 1313.36 1313.36
2026 2632.26 2632.26 2632.26 2632.26 2632.26 2632.26 2632.26 2632.26 2632.26 2632.26 2632.26 2632.26
2027  2637.8  2637.8  2637.8  2637.8  2637.8  2637.8  2637.8  2637.8  2637.8  2637.8  2637.8  2637.8
2028 2643.35 2643.35 2643.35 2643.35 2643.35 2643.35 2643.35 2643.35 2643.35 2643.35 2643.35 2643.35
2029 2648.89 2648.89 2648.89 2648.89 2648.89 2648.89 2648.89 2648.89 2648.89 2648.89 2648.89 2648.89
2030 2654.43 2654.43 2654.43 2654.43 2654.43 2654.43 2654.43 2654.43 2654.43 2654.43 2654.43 2654.43
2031 2657.21 2657.21 2657.21 2657.21 2657.21 2657.21 2657.21 2657.21 2657.21 2657.21 2657.21 2657.21
2032 2662.75 2662.75 2662.75 2662.75 2662.75 2662.75 2662.75 2662.75 2662.75 2662.75 2662.75 2662.75
2033 2632.26 2632.26 2632.26 2632.26 2632.26 2632.26 2632.26 2632.26 2632.26 2632.26 2632.26 2632.26
2034 2607.32 2607.32 2607.32 2607.32 2607.32 2607.32 2607.32 2607.32 2607.32 2607.32 2607.32 2607.32
2035 2607.32 2607.32 2607.32 2607.32 2607.32 2607.32 2607.32 2607.32 2607.32 2607.32 2607.32 2607.32
2036 2607.32 2607.32 2607.32 2607.32 2607.32 2607.32 2607.32 2607.32 2607.32 2607.32 2607.32 2607.32
2037 2607.32 2607.32 2607.32 2607.32 2607.32 2607.32 2607.32 2607.32 2607.32 2607.32 2607.32 2607.32
2038 2607.32 2607.32 2607.32 2607.32 2607.32 2607.32 2607.32 2607.32 2607.32 2607.32 2607.32 2607.32
2039 2607.32 2607.32 2607.32 2607.32 2607.32 2607.32 2607.32 2607.32 2607.32 2607.32 2607.32 2607.32
**** Fuel:    241 GAS (241)   
Year .....01 .....02 .....03 .....04 .....05 .....06 .....07 .....08 .....09 .....10 .....11 .....12
2025  423.23  423.23  423.23  423.23  423.23  423.23  423.23  423.23  423.23  423.23  423.23  423.23
2026  373.31  373.31  373.31  373.31  373.31  373.31  373.31  373.31  373.31  373.31  373.31  373.31
2027  354.59  354.59  354.59  354.59  354.59  354.59  354.59  354.59  354.59  354.59  354.59  354.59
2028  335.87  335.87  335.87  335.87  335.87  335.87  335.87  335.87  335.87  335.87  335.87  335.87
2029  317.15  317.15  317.15  317.15  317.15  317.15  317.15  317.15  317.15  317.15  317.15  317.15
2030  298.44  298.44  298.44  298.44  298.44  298.44  298.44  298.44  298.44  298.44  298.44  298.44
2031  288.45  288.45  288.45  288.45  288.45  288.45  288.45  288.45  288.45  288.45  288.45  288.45
2032  278.47  278.47  278.47  278.47  278.47  278.47  278.47  278.47  278.47  278.47  278.47  278.47
2033  268.49  268.49  268.49  268.49  268.49  268.49  268.49  268.49  268.49  268.49  268.49  268.49
2034   258.5   258.5   258.5   258.5   258.5   258.5   258.5   258.5   258.5   258.5   258.5   258.5
2035   258.5   258.5   258.5   258.5   258.5   258.5   258.5   258.5   258.5   258.5   258.5   258.5
2036   258.5   258.5   258.5   258.5   258.5   258.5   258.5   258.5   258.5   258.5   258.5   258.5
2037   258.5   258.5   258.5   258.5   258.5   258.5   258.5   258.5   258.5   258.5   258.5   258.5
2038   258.5   258.5   258.5   258.5   258.5   258.5   258.5   258.5   258.5   258.5   258.5   258.5
2039   258.5   258.5   258.5   258.5   258.5   258.5   258.5   258.5   258.5   258.5   258.5   258.5
**** Fuel:    147 GAS (147)   
Year .....01 .....02 .....03 .....04 .....05 .....06 .....07 .....08 .....09 .....10 .....11 .....12
2025  211.71  211.71  211.71  211.71  211.71  211.71  211.71  211.71  211.71  211.71  211.71  211.71
2026  211.56  211.56  211.56  211.56  211.56  211.56  211.56  211.56  211.56  211.56  211.56  211.56
2027  211.42  211.42  211.42  211.42  211.42  211.42  211.42  211.42  211.42  211.42  211.42  211.42
2028  211.23  211.23  211.23  211.23  211.23  211.23  211.23  211.23  211.23  211.23  211.23  211.23
2029  211.09  211.09  211.09  211.09  211.09  211.09  211.09  211.09  211.09  211.09  211.09  211.09
2030  210.94  210.94  210.94  210.94  210.94  210.94  210.94  210.94  210.94  210.94  210.94  210.94
2031   210.8   210.8   210.8   210.8   210.8   210.8   210.8   210.8   210.8   210.8   210.8   210.8
2032  210.66  210.66  210.66  210.66  210.66  210.66  210.66  210.66  210.66  210.66  210.66  210.66
2033  210.51  210.51  210.51  210.51  210.51  210.51  210.51  210.51  210.51  210.51  210.51  210.51
2034  210.27  210.27  210.27  210.27  210.27  210.27  210.27  210.27  210.27  210.27  210.27  210.27
2035  210.27  210.27  210.27  210.27  210.27  210.27  210.27  210.27  210.27  210.27  210.27  210.27
2036  210.27  210.27  210.27  210.27  210.27  210.27  210.27  210.27  210.27  210.27  210.27  210.27
2037  210.27  210.27  210.27  210.27  210.27  210.27  210.27  210.27  210.27  210.27  210.27  210.27
2038  210.27  210.27  210.27  210.27  210.27  210.27  210.27  210.27  210.27  210.27  210.27  210.27
2039  210.27  210.27  210.27  210.27  210.27  210.27  210.27  210.27  210.27  210.27  210.27  210.27
**** Fuel:     96 GAS (96)    
Year .....01 .....02 .....03 .....04 .....05 .....06 .....07 .....08 .....09 .....10 .....11 .....12
2025 1153.05 1153.05 1153.05 1153.05 1153.05 1153.05 1153.05 1153.05 1153.05 1153.05 1153.05 1153.05
2026 1038.93 1038.93 1038.93 1038.93 1038.93 1038.93 1038.93 1038.93 1038.93 1038.93 1038.93 1038.93
2027  996.13  996.13  996.13  996.13  996.13  996.13  996.13  996.13  996.13  996.13  996.13  996.13
2028  953.33  953.33  953.33  953.33  953.33  953.33  953.33  953.33  953.33  953.33  953.33  953.33
2029  910.53  910.53  910.53  910.53  910.53  910.53  910.53  910.53  910.53  910.53  910.53  910.53
2030  867.74  867.74  867.74  867.74  867.74  867.74  867.74  867.74  867.74  867.74  867.74  867.74
2031  844.91  844.91  844.91  844.91  844.91  844.91  844.91  844.91  844.91  844.91  844.91  844.91
2032  822.09  822.09  822.09  822.09  822.09  822.09  822.09  822.09  822.09  822.09  822.09  822.09
2033  799.26  799.26  799.26  799.26  799.26  799.26  799.26  799.26  799.26  799.26  799.26  799.26
2034  776.44  776.44  776.44  776.44  776.44  776.44  776.44  776.44  776.44  776.44  776.44  776.44
2035  776.44  776.44  776.44  776.44  776.44  776.44  776.44  776.44  776.44  776.44  776.44  776.44
2036  776.44  776.44  776.44  776.44  776.44  776.44  776.44  776.44  776.44  776.44  776.44  776.44
2037  776.44  776.44  776.44  776.44  776.44  776.44  776.44  776.44  776.44  776.44  776.44  776.44
2038  776.44  776.44  776.44  776.44  776.44  776.44  776.44  776.44  776.44  776.44  776.44  776.44
2039  776.44  776.44  776.44  776.44  776.44  776.44  776.44  776.44  776.44  776.44  776.44  776.44
**** Fuel:    170 OLEO (170)  
Year .....01 .....02 .....03 .....04 .....05 .....06 .....07 .....08 .....09 .....10 .....11 .....12
2025 1302.98 1302.98 1302.98 1302.98 1302.98 1302.98 1302.98 1302.98 1302.98 1302.98 1302.98 1302.98
2026 1306.02 1306.02 1306.02 1306.02 1306.02 1306.02 1306.02 1306.02 1306.02 1306.02 1306.02 1306.02
2027 1309.07 1309.07 1309.07 1309.07 1309.07 1309.07 1309.07 1309.07 1309.07 1309.07 1309.07 1309.07
2028 1312.11 1312.11 1312.11 1312.11 1312.11 1312.11 1312.11 1312.11 1312.11 1312.11 1312.11 1312.11
2029 1315.15 1315.15 1315.15 1315.15 1315.15 1315.15 1315.15 1315.15 1315.15 1315.15 1315.15 1315.15
2030  1318.2  1318.2  1318.2  1318.2  1318.2  1318.2  1318.2  1318.2  1318.2  1318.2  1318.2  1318.2
2031 1319.72 1319.72 1319.72 1319.72 1319.72 1319.72 1319.72 1319.72 1319.72 1319.72 1319.72 1319.72
2032 1322.77 1322.77 1322.77 1322.77 1322.77 1322.77 1322.77 1322.77 1322.77 1322.77 1322.77 1322.77
2033 1306.02 1306.02 1306.02 1306.02 1306.02 1306.02 1306.02 1306.02 1306.02 1306.02 1306.02 1306.02
2034 1292.32 1292.32 1292.32 1292.32 1292.32 1292.32 1292.32 1292.32 1292.32 1292.32 1292.32 1292.32
2035 1292.32 1292.32 1292.32 1292.32 1292.32 1292.32 1292.32 1292.32 1292.32 1292.32 1292.32 1292.32
2036 1292.32 1292.32 1292.32 1292.32 1292.32 1292.32 1292.32 1292.32 1292.32 1292.32 1292.32 1292.32
2037 1292.32 1292.32 1292.32 1292.32 1292.32 1292.32 1292.32 1292.32 1292.32 1292.32 1292.32 1292.32
2038 1292.32 1292.32 1292.32 1292.32 1292.32 1292.32 1292.32 1292.32 1292.32 1292.32 1292.32 1292.32
2039 1292.32 1292.32 1292.32 1292.32 1292.32 1292.32 1292.32 1292.32 1292.32 1292.32 1292.32 1292.32
**** Fuel:    529 GAS (529)   
Year .....01 .....02 .....03 .....04 .....05 .....06 .....07 .....08 .....09 .....10 .....11 .....12
2025     355     355     355     355     355     355     355     355     355     355     355     355
2026     355     355     355     355     355     355     355     355     355     355     355     355
2027     349     349     349     349     349     349     349     349     349     349     349     349
2028     371     371     371     371     371     371     371     371     371     371     371     371
2029     356     356     356     356     356     356     356     356     356     356     356     356
2030     356     356     356     356     356     356     356     356     356     356     356     356
2031     356     356     356     356     356     356     356     356     356     356     356     356
2032     356     356     356     356     356     356     356     356     356     356     356     356
2033     356     356     356     356     356     356     356     356     356     356     356     356
2034     356     356     356     356     356     356     356     356     356     356     356     356
2035     356     356     356     356     356     356     356     356     356     356     356     356
2036     356     356     356     356     356     356     356     356     356     356     356     356
2037     356     356     356     356     356     356     356     356     356     356     356     356
2038     356     356     356     356     356     356     356     356     356     356     356     356
2039     356     356     356     356     356     356     356     356     356     356     356     356
**** Fuel:    762 GAS (762)   
Year .....01 .....02 .....03 .....04 .....05 .....06 .....07 .....08 .....09 .....10 .....11 .....12
2025    1193    1193    1193    1193    1193    1193    1193    1193    1193    1193    1193    1193
2026 1261.92 1261.92 1261.92 1261.92 1261.92 1261.92 1261.92 1261.92 1261.92 1261.92 1261.92 1261.92
2027 1267.32 1267.32 1267.32 1267.32 1267.32 1267.32 1267.32 1267.32 1267.32 1267.32 1267.32 1267.32
2028 1274.61 1274.61 1274.61 1274.61 1274.61 1274.61 1274.61 1274.61 1274.61 1274.61 1274.61 1274.61
2029 1282.15 1282.15 1282.15 1282.15 1282.15 1282.15 1282.15 1282.15 1282.15 1282.15 1282.15 1282.15
2030 1290.96 1290.96 1290.96 1290.96 1290.96 1290.96 1290.96 1290.96 1290.96 1290.96 1290.96 1290.96
2031 1298.11 1298.11 1298.11 1298.11 1298.11 1298.11 1298.11 1298.11 1298.11 1298.11 1298.11 1298.11
2032 1308.58 1308.58 1308.58 1308.58 1308.58 1308.58 1308.58 1308.58 1308.58 1308.58 1308.58 1308.58
2033 1314.45 1314.45 1314.45 1314.45 1314.45 1314.45 1314.45 1314.45 1314.45 1314.45 1314.45 1314.45
2034 1323.21 1323.21 1323.21 1323.21 1323.21 1323.21 1323.21 1323.21 1323.21 1323.21 1323.21 1323.21
2035 1334.13 1334.13 1334.13 1334.13 1334.13 1334.13 1334.13 1334.13 1334.13 1334.13 1334.13 1334.13
2036 1341.65 1341.65 1341.65 1341.65 1341.65 1341.65 1341.65 1341.65 1341.65 1341.65 1341.65 1341.65
2037 1349.97 1349.97 1349.97 1349.97 1349.97 1349.97 1349.97 1349.97 1349.97 1349.97 1349.97 1349.97
2038 1356.79 1356.79 1356.79 1356.79 1356.79 1356.79 1356.79 1356.79 1356.79 1356.79 1356.79 1356.79
2039 1363.61 1363.61 1363.61 1363.61 1363.61 1363.61 1363.61 1363.61 1363.61 1363.61 1363.61 1363.61
**** Fuel:    763 GAS (763)   
Year .....01 .....02 .....03 .....04 .....05 .....06 .....07 .....08 .....09 .....10 .....11 .....12
2025    1056    1056    1056    1056    1056    1056    1056    1056    1056    1056    1056    1056
2026 1116.65 1116.65 1116.65 1116.65 1116.65 1116.65 1116.65 1116.65 1116.65 1116.65 1116.65 1116.65
2027  1121.4  1121.4  1121.4  1121.4  1121.4  1121.4  1121.4  1121.4  1121.4  1121.4  1121.4  1121.4
2028 1127.82 1127.82 1127.82 1127.82 1127.82 1127.82 1127.82 1127.82 1127.82 1127.82 1127.82 1127.82
2029 1134.46 1134.46 1134.46 1134.46 1134.46 1134.46 1134.46 1134.46 1134.46 1134.46 1134.46 1134.46
2030 1142.22 1142.22 1142.22 1142.22 1142.22 1142.22 1142.22 1142.22 1142.22 1142.22 1142.22 1142.22
2031 1148.51 1148.51 1148.51 1148.51 1148.51 1148.51 1148.51 1148.51 1148.51 1148.51 1148.51 1148.51
2032 1157.73 1157.73 1157.73 1157.73 1157.73 1157.73 1157.73 1157.73 1157.73 1157.73 1157.73 1157.73
2033  1162.9  1162.9  1162.9  1162.9  1162.9  1162.9  1162.9  1162.9  1162.9  1162.9  1162.9  1162.9
2034 1170.62 1170.62 1170.62 1170.62 1170.62 1170.62 1170.62 1170.62 1170.62 1170.62 1170.62 1170.62
2035 1180.24 1180.24 1180.24 1180.24 1180.24 1180.24 1180.24 1180.24 1180.24 1180.24 1180.24 1180.24
2036 1186.86 1186.86 1186.86 1186.86 1186.86 1186.86 1186.86 1186.86 1186.86 1186.86 1186.86 1186.86
2037 1194.18 1194.18 1194.18 1194.18 1194.18 1194.18 1194.18 1194.18 1194.18 1194.18 1194.18 1194.18
2038 1200.19 1200.19 1200.19 1200.19 1200.19 1200.19 1200.19 1200.19 1200.19 1200.19 1200.19 1200.19
2039  1206.2  1206.2  1206.2  1206.2  1206.2  1206.2  1206.2  1206.2  1206.2  1206.2  1206.2  1206.2
**** Fuel:    767 GAS (767)   
Year .....01 .....02 .....03 .....04 .....05 .....06 .....07 .....08 .....09 .....10 .....11 .....12
2025    1043    1043    1043    1043    1043    1043    1043    1043    1043    1043    1043    1043
2026 1102.37 1102.37 1102.37 1102.37 1102.37 1102.37 1102.37 1102.37 1102.37 1102.37 1102.37 1102.37
2027 1107.06 1107.06 1107.06 1107.06 1107.06 1107.06 1107.06 1107.06 1107.06 1107.06 1107.06 1107.06
2028  1113.4  1113.4  1113.4  1113.4  1113.4  1113.4  1113.4  1113.4  1113.4  1113.4  1113.4  1113.4
2029 1119.94 1119.94 1119.94 1119.94 1119.94 1119.94 1119.94 1119.94 1119.94 1119.94 1119.94 1119.94
2030  1127.6  1127.6  1127.6  1127.6  1127.6  1127.6  1127.6  1127.6  1127.6  1127.6  1127.6  1127.6
2031 1133.81 1133.81 1133.81 1133.81 1133.81 1133.81 1133.81 1133.81 1133.81 1133.81 1133.81 1133.81
2032 1142.91 1142.91 1142.91 1142.91 1142.91 1142.91 1142.91 1142.91 1142.91 1142.91 1142.91 1142.91
2033 1148.01 1148.01 1148.01 1148.01 1148.01 1148.01 1148.01 1148.01 1148.01 1148.01 1148.01 1148.01
2034 1155.62 1155.62 1155.62 1155.62 1155.62 1155.62 1155.62 1155.62 1155.62 1155.62 1155.62 1155.62
2035 1165.12 1165.12 1165.12 1165.12 1165.12 1165.12 1165.12 1165.12 1165.12 1165.12 1165.12 1165.12
2036 1171.65 1171.65 1171.65 1171.65 1171.65 1171.65 1171.65 1171.65 1171.65 1171.65 1171.65 1171.65
2037 1178.88 1178.88 1178.88 1178.88 1178.88 1178.88 1178.88 1178.88 1178.88 1178.88 1178.88 1178.88
2038  1184.8  1184.8  1184.8  1184.8  1184.8  1184.8  1184.8  1184.8  1184.8  1184.8  1184.8  1184.8
2039 1190.73 1190.73 1190.73 1190.73 1190.73 1190.73 1190.73 1190.73 1190.73 1190.73 1190.73 1190.73
