**** Fuel:     12 GAS         
Year .....01 .....02 .....03 .....04 .....05 .....06 .....07 .....08 .....09 .....10 .....11 .....12
2025 1402.59 1402.59 1402.59 1402.59 1402.59 1402.59 1402.59 1402.59 1402.59 1402.59 1402.59 1402.59
2026 1215.57 1215.57 1215.57 1215.57 1215.57 1215.57 1215.57 1215.57 1215.57 1215.57 1215.57 1215.57
2027 1145.44 1145.44 1145.44 1145.44 1145.44 1145.44 1145.44 1145.44 1145.44 1145.44 1145.44 1145.44
2028 1075.32 1075.32 1075.32 1075.32 1075.32 1075.32 1075.32 1075.32 1075.32 1075.32 1075.32 1075.32
2029 1005.19 1005.19 1005.19 1005.19 1005.19 1005.19 1005.19 1005.19 1005.19 1005.19 1005.19 1005.19
2030  935.06  935.06  935.06  935.06  935.06  935.06  935.06  935.06  935.06  935.06  935.06  935.06
2031  897.65  897.65  897.65  897.65  897.65  897.65  897.65  897.65  897.65  897.65  897.65  897.65
2032  860.25  860.25  860.25  860.25  860.25  860.25  860.25  860.25  860.25  860.25  860.25  860.25
2033  822.85  822.85  822.85  822.85  822.85  822.85  822.85  822.85  822.85  822.85  822.85  822.85
2034  785.45  785.45  785.45  785.45  785.45  785.45  785.45  785.45  785.45  785.45  785.45  785.45
2035  785.45  785.45  785.45  785.45  785.45  785.45  785.45  785.45  785.45  785.45  785.45  785.45
2036  785.45  785.45  785.45  785.45  785.45  785.45  785.45  785.45  785.45  785.45  785.45  785.45
2037  785.45  785.45  785.45  785.45  785.45  785.45  785.45  785.45  785.45  785.45  785.45  785.45
2038  785.45  785.45  785.45  785.45  785.45  785.45  785.45  785.45  785.45  785.45  785.45  785.45
2039  785.45  785.45  785.45  785.45  785.45  785.45  785.45  785.45  785.45  785.45  785.45  785.45
**** Fuel:     86 GNL         
Year .....01 .....02 .....03 .....04 .....05 .....06 .....07 .....08 .....09 .....10 .....11 .....12
2025  206.84  206.84  206.84  206.84  206.84  206.84  206.84  206.84  206.84  206.84  206.84  206.84
2026  204.34  204.34  204.34  204.34  204.34  204.34  204.34  204.34  204.34  204.34  204.34  204.34
2027  201.83  201.83  201.83  201.83  201.83  201.83  201.83  201.83  201.83  201.83  201.83  201.83
2028  198.49  198.49  198.49  198.49  198.49  198.49  198.49  198.49  198.49  198.49  198.49  198.49
2029  195.99  195.99  195.99  195.99  195.99  195.99  195.99  195.99  195.99  195.99  195.99  195.99
2030  193.49  193.49  193.49  193.49  193.49  193.49  193.49  193.49  193.49  193.49  193.49  193.49
2031  190.98  190.98  190.98  190.98  190.98  190.98  190.98  190.98  190.98  190.98  190.98  190.98
2032  188.48  188.48  188.48  188.48  188.48  188.48  188.48  188.48  188.48  188.48  188.48  188.48
2033  185.98  185.98  185.98  185.98  185.98  185.98  185.98  185.98  185.98  185.98  185.98  185.98
2034   181.8   181.8   181.8   181.8   181.8   181.8   181.8   181.8   181.8   181.8   181.8   181.8
2035   181.8   181.8   181.8   181.8   181.8   181.8   181.8   181.8   181.8   181.8   181.8   181.8
2036   181.8   181.8   181.8   181.8   181.8   181.8   181.8   181.8   181.8   181.8   181.8   181.8
2037   181.8   181.8   181.8   181.8   181.8   181.8   181.8   181.8   181.8   181.8   181.8   181.8
2038   181.8   181.8   181.8   181.8   181.8   181.8   181.8   181.8   181.8   181.8   181.8   181.8
2039   181.8   181.8   181.8   181.8   181.8   181.8   181.8   181.8   181.8   181.8   181.8   181.8
**** Fuel:    182 DIESEL      
Year .....01 .....02 .....03 .....04 .....05 .....06 .....07 .....08 .....09 .....10 .....11 .....12
2025 1896.17 1896.17 1896.17 1896.17 1896.17 1896.17 1896.17 1896.17 1896.17 1896.17 1896.17 1896.17
2026 1900.54 1900.54 1900.54 1900.54 1900.54 1900.54 1900.54 1900.54 1900.54 1900.54 1900.54 1900.54
2027  1904.9  1904.9  1904.9  1904.9  1904.9  1904.9  1904.9  1904.9  1904.9  1904.9  1904.9  1904.9
2028 1909.27 1909.27 1909.27 1909.27 1909.27 1909.27 1909.27 1909.27 1909.27 1909.27 1909.27 1909.27
2029 1913.64 1913.64 1913.64 1913.64 1913.64 1913.64 1913.64 1913.64 1913.64 1913.64 1913.64 1913.64
2030 1918.01 1918.01 1918.01 1918.01 1918.01 1918.01 1918.01 1918.01 1918.01 1918.01 1918.01 1918.01
2031  1920.2  1920.2  1920.2  1920.2  1920.2  1920.2  1920.2  1920.2  1920.2  1920.2  1920.2  1920.2
2032 1924.57 1924.57 1924.57 1924.57 1924.57 1924.57 1924.57 1924.57 1924.57 1924.57 1924.57 1924.57
2033 1900.54 1900.54 1900.54 1900.54 1900.54 1900.54 1900.54 1900.54 1900.54 1900.54 1900.54 1900.54
2034 1880.87 1880.87 1880.87 1880.87 1880.87 1880.87 1880.87 1880.87 1880.87 1880.87 1880.87 1880.87
2035 1880.87 1880.87 1880.87 1880.87 1880.87 1880.87 1880.87 1880.87 1880.87 1880.87 1880.87 1880.87
2036 1880.87 1880.87 1880.87 1880.87 1880.87 1880.87 1880.87 1880.87 1880.87 1880.87 1880.87 1880.87
2037 1880.87 1880.87 1880.87 1880.87 1880.87 1880.87 1880.87 1880.87 1880.87 1880.87 1880.87 1880.87
2038 1880.87 1880.87 1880.87 1880.87 1880.87 1880.87 1880.87 1880.87 1880.87 1880.87 1880.87 1880.87
2039 1880.87 1880.87 1880.87 1880.87 1880.87 1880.87 1880.87 1880.87 1880.87 1880.87 1880.87 1880.87
**** Fuel:    334 GAS (334)   
Year .....01 .....02 .....03 .....04 .....05 .....06 .....07 .....08 .....09 .....10 .....11 .....12
2025 1551.98 1551.98 1551.98 1551.98 1551.98 1551.98 1551.98 1551.98 1551.98 1551.98 1551.98 1551.98
2026 1213.58 1213.58 1213.58 1213.58 1213.58 1213.58 1213.58 1213.58 1213.58 1213.58 1213.58 1213.58
2027 1146.39 1146.39 1146.39 1146.39 1146.39 1146.39 1146.39 1146.39 1146.39 1146.39 1146.39 1146.39
2028 1079.19 1079.19 1079.19 1079.19 1079.19 1079.19 1079.19 1079.19 1079.19 1079.19 1079.19 1079.19
2029 1011.99 1011.99 1011.99 1011.99 1011.99 1011.99 1011.99 1011.99 1011.99 1011.99 1011.99 1011.99
2030   944.8   944.8   944.8   944.8   944.8   944.8   944.8   944.8   944.8   944.8   944.8   944.8
2031  908.96  908.96  908.96  908.96  908.96  908.96  908.96  908.96  908.96  908.96  908.96  908.96
2032  873.12  873.12  873.12  873.12  873.12  873.12  873.12  873.12  873.12  873.12  873.12  873.12
2033  837.28  837.28  837.28  837.28  837.28  837.28  837.28  837.28  837.28  837.28  837.28  837.28
2034  801.44  801.44  801.44  801.44  801.44  801.44  801.44  801.44  801.44  801.44  801.44  801.44
2035  801.44  801.44  801.44  801.44  801.44  801.44  801.44  801.44  801.44  801.44  801.44  801.44
2036  801.44  801.44  801.44  801.44  801.44  801.44  801.44  801.44  801.44  801.44  801.44  801.44
2037  801.44  801.44  801.44  801.44  801.44  801.44  801.44  801.44  801.44  801.44  801.44  801.44
2038  801.44  801.44  801.44  801.44  801.44  801.44  801.44  801.44  801.44  801.44  801.44  801.44
2039  801.44  801.44  801.44  801.44  801.44  801.44  801.44  801.44  801.44  801.44  801.44  801.44
**** Fuel:     15 GNL (15)    
Year .....01 .....02 .....03 .....04 .....05 .....06 .....07 .....08 .....09 .....10 .....11 .....12
2025     311     311     311     311     311     311     311     311     311     311     311     311
2026  307.01  307.01  307.01  307.01  307.01  307.01  307.01  307.01  307.01  307.01  307.01  307.01
2027  303.01  303.01  303.01  303.01  303.01  303.01  303.01  303.01  303.01  303.01  303.01  303.01
2028  297.69  297.69  297.69  297.69  297.69  297.69  297.69  297.69  297.69  297.69  297.69  297.69
2029   293.7   293.7   293.7   293.7   293.7   293.7   293.7   293.7   293.7   293.7   293.7   293.7
2030  289.71  289.71  289.71  289.71  289.71  289.71  289.71  289.71  289.71  289.71  289.71  289.71
2031  285.72  285.72  285.72  285.72  285.72  285.72  285.72  285.72  285.72  285.72  285.72  285.72
2032  281.73  281.73  281.73  281.73  281.73  281.73  281.73  281.73  281.73  281.73  281.73  281.73
2033  277.74  277.74  277.74  277.74  277.74  277.74  277.74  277.74  277.74  277.74  277.74  277.74
2034  271.08  271.08  271.08  271.08  271.08  271.08  271.08  271.08  271.08  271.08  271.08  271.08
2035  271.08  271.08  271.08  271.08  271.08  271.08  271.08  271.08  271.08  271.08  271.08  271.08
2036  271.08  271.08  271.08  271.08  271.08  271.08  271.08  271.08  271.08  271.08  271.08  271.08
2037  271.08  271.08  271.08  271.08  271.08  271.08  271.08  271.08  271.08  271.08  271.08  271.08
2038  271.08  271.08  271.08  271.08  271.08  271.08  271.08  271.08  271.08  271.08  271.08  271.08
2039  271.08  271.08  271.08  271.08  271.08  271.08  271.08  271.08  271.08  271.08  271.08  271.08
**** Fuel:    257 GAS (257)   
Year .....01 .....02 .....03 .....04 .....05 .....06 .....07 .....08 .....09 .....10 .....11 .....12
2025 1408.55 1408.55 1408.55 1408.55 1408.55 1408.55 1408.55 1408.55 1408.55 1408.55 1408.55 1408.55
2026 1224.55 1224.55 1224.55 1224.55 1224.55 1224.55 1224.55 1224.55 1224.55 1224.55 1224.55 1224.55
2027 1155.55 1155.55 1155.55 1155.55 1155.55 1155.55 1155.55 1155.55 1155.55 1155.55 1155.55 1155.55
2028 1086.54 1086.54 1086.54 1086.54 1086.54 1086.54 1086.54 1086.54 1086.54 1086.54 1086.54 1086.54
2029 1017.54 1017.54 1017.54 1017.54 1017.54 1017.54 1017.54 1017.54 1017.54 1017.54 1017.54 1017.54
2030  948.54  948.54  948.54  948.54  948.54  948.54  948.54  948.54  948.54  948.54  948.54  948.54
2031  911.74  911.74  911.74  911.74  911.74  911.74  911.74  911.74  911.74  911.74  911.74  911.74
2032  874.94  874.94  874.94  874.94  874.94  874.94  874.94  874.94  874.94  874.94  874.94  874.94
2033  838.14  838.14  838.14  838.14  838.14  838.14  838.14  838.14  838.14  838.14  838.14  838.14
2034  801.34  801.34  801.34  801.34  801.34  801.34  801.34  801.34  801.34  801.34  801.34  801.34
2035  801.34  801.34  801.34  801.34  801.34  801.34  801.34  801.34  801.34  801.34  801.34  801.34
2036  801.34  801.34  801.34  801.34  801.34  801.34  801.34  801.34  801.34  801.34  801.34  801.34
2037  801.34  801.34  801.34  801.34  801.34  801.34  801.34  801.34  801.34  801.34  801.34  801.34
2038  801.34  801.34  801.34  801.34  801.34  801.34  801.34  801.34  801.34  801.34  801.34  801.34
2039  801.34  801.34  801.34  801.34  801.34  801.34  801.34  801.34  801.34  801.34  801.34  801.34
**** Fuel:    247 GAS (247)   
Year .....01 .....02 .....03 .....04 .....05 .....06 .....07 .....08 .....09 .....10 .....11 .....12
2025 1707.62 1707.62 1707.62 1707.62 1707.62 1707.62 1707.62 1707.62 1707.62 1707.62 1707.62 1707.62
2026 1479.94 1479.94 1479.94 1479.94 1479.94 1479.94 1479.94 1479.94 1479.94 1479.94 1479.94 1479.94
2027 1394.55 1394.55 1394.55 1394.55 1394.55 1394.55 1394.55 1394.55 1394.55 1394.55 1394.55 1394.55
2028 1309.17 1309.17 1309.17 1309.17 1309.17 1309.17 1309.17 1309.17 1309.17 1309.17 1309.17 1309.17
2029 1223.79 1223.79 1223.79 1223.79 1223.79 1223.79 1223.79 1223.79 1223.79 1223.79 1223.79 1223.79
2030 1138.41 1138.41 1138.41 1138.41 1138.41 1138.41 1138.41 1138.41 1138.41 1138.41 1138.41 1138.41
2031 1092.88 1092.88 1092.88 1092.88 1092.88 1092.88 1092.88 1092.88 1092.88 1092.88 1092.88 1092.88
2032 1047.34 1047.34 1047.34 1047.34 1047.34 1047.34 1047.34 1047.34 1047.34 1047.34 1047.34 1047.34
2033  1001.8  1001.8  1001.8  1001.8  1001.8  1001.8  1001.8  1001.8  1001.8  1001.8  1001.8  1001.8
2034  956.27  956.27  956.27  956.27  956.27  956.27  956.27  956.27  956.27  956.27  956.27  956.27
2035  956.27  956.27  956.27  956.27  956.27  956.27  956.27  956.27  956.27  956.27  956.27  956.27
2036  956.27  956.27  956.27  956.27  956.27  956.27  956.27  956.27  956.27  956.27  956.27  956.27
2037  956.27  956.27  956.27  956.27  956.27  956.27  956.27  956.27  956.27  956.27  956.27  956.27
2038  956.27  956.27  956.27  956.27  956.27  956.27  956.27  956.27  956.27  956.27  956.27  956.27
2039  956.27  956.27  956.27  956.27  956.27  956.27  956.27  956.27  956.27  956.27  956.27  956.27
**** Fuel:    251 GAS (251)   
Year .....01 .....02 .....03 .....04 .....05 .....06 .....07 .....08 .....09 .....10 .....11 .....12
2025 1707.62 1707.62 1707.62 1707.62 1707.62 1707.62 1707.62 1707.62 1707.62 1707.62 1707.62 1707.62
2026 1479.94 1479.94 1479.94 1479.94 1479.94 1479.94 1479.94 1479.94 1479.94 1479.94 1479.94 1479.94
2027 1394.55 1394.55 1394.55 1394.55 1394.55 1394.55 1394.55 1394.55 1394.55 1394.55 1394.55 1394.55
2028 1309.17 1309.17 1309.17 1309.17 1309.17 1309.17 1309.17 1309.17 1309.17 1309.17 1309.17 1309.17
2029 1223.79 1223.79 1223.79 1223.79 1223.79 1223.79 1223.79 1223.79 1223.79 1223.79 1223.79 1223.79
2030 1138.41 1138.41 1138.41 1138.41 1138.41 1138.41 1138.41 1138.41 1138.41 1138.41 1138.41 1138.41
2031 1092.88 1092.88 1092.88 1092.88 1092.88 1092.88 1092.88 1092.88 1092.88 1092.88 1092.88 1092.88
2032 1047.34 1047.34 1047.34 1047.34 1047.34 1047.34 1047.34 1047.34 1047.34 1047.34 1047.34 1047.34
2033  1001.8  1001.8  1001.8  1001.8  1001.8  1001.8  1001.8  1001.8  1001.8  1001.8  1001.8  1001.8
2034  956.27  956.27  956.27  956.27  956.27  956.27  956.27  956.27  956.27  956.27  956.27  956.27
2035  956.27  956.27  956.27  956.27  956.27  956.27  956.27  956.27  956.27  956.27  956.27  956.27
2036  956.27  956.27  956.27  956.27  956.27  956.27  956.27  956.27  956.27  956.27  956.27  956.27
2037  956.27  956.27  956.27  956.27  956.27  956.27  956.27  956.27  956.27  956.27  956.27  956.27
2038  956.27  956.27  956.27  956.27  956.27  956.27  956.27  956.27  956.27  956.27  956.27  956.27
2039  956.27  956.27  956.27  956.27  956.27  956.27  956.27  956.27  956.27  956.27  956.27  956.27
**** Fuel:     49 OLEO (49)   
Year .....01 .....02 .....03 .....04 .....05 .....06 .....07 .....08 .....09 .....10 .....11 .....12
2025  715.25  715.25  715.25  715.25  715.25  715.25  715.25  715.25  715.25  715.25  715.25  715.25
2026 1433.75 1433.75 1433.75 1433.75 1433.75 1433.75 1433.75 1433.75 1433.75 1433.75 1433.75 1433.75
2027    1437    1437    1437    1437    1437    1437    1437    1437    1437    1437    1437    1437
2028 1440.25 1440.25 1440.25 1440.25 1440.25 1440.25 1440.25 1440.25 1440.25 1440.25 1440.25 1440.25
2029  1443.5  1443.5  1443.5  1443.5  1443.5  1443.5  1443.5  1443.5  1443.5  1443.5  1443.5  1443.5
2030 1446.76 1446.76 1446.76 1446.76 1446.76 1446.76 1446.76 1446.76 1446.76 1446.76 1446.76 1446.76
2031 1448.38 1448.38 1448.38 1448.38 1448.38 1448.38 1448.38 1448.38 1448.38 1448.38 1448.38 1448.38
2032 1451.63 1451.63 1451.63 1451.63 1451.63 1451.63 1451.63 1451.63 1451.63 1451.63 1451.63 1451.63
2033 1433.75 1433.75 1433.75 1433.75 1433.75 1433.75 1433.75 1433.75 1433.75 1433.75 1433.75 1433.75
2034 1419.12 1419.12 1419.12 1419.12 1419.12 1419.12 1419.12 1419.12 1419.12 1419.12 1419.12 1419.12
2035 1419.12 1419.12 1419.12 1419.12 1419.12 1419.12 1419.12 1419.12 1419.12 1419.12 1419.12 1419.12
2036 1419.12 1419.12 1419.12 1419.12 1419.12 1419.12 1419.12 1419.12 1419.12 1419.12 1419.12 1419.12
2037 1419.12 1419.12 1419.12 1419.12 1419.12 1419.12 1419.12 1419.12 1419.12 1419.12 1419.12 1419.12
2038 1419.12 1419.12 1419.12 1419.12 1419.12 1419.12 1419.12 1419.12 1419.12 1419.12 1419.12 1419.12
2039 1419.12 1419.12 1419.12 1419.12 1419.12 1419.12 1419.12 1419.12 1419.12 1419.12 1419.12 1419.12
**** Fuel:    253 GAS (253)   
Year .....01 .....02 .....03 .....04 .....05 .....06 .....07 .....08 .....09 .....10 .....11 .....12
2025 1707.62 1707.62 1707.62 1707.62 1707.62 1707.62 1707.62 1707.62 1707.62 1707.62 1707.62 1707.62
2026 1479.94 1479.94 1479.94 1479.94 1479.94 1479.94 1479.94 1479.94 1479.94 1479.94 1479.94 1479.94
2027 1394.55 1394.55 1394.55 1394.55 1394.55 1394.55 1394.55 1394.55 1394.55 1394.55 1394.55 1394.55
2028 1309.17 1309.17 1309.17 1309.17 1309.17 1309.17 1309.17 1309.17 1309.17 1309.17 1309.17 1309.17
2029 1223.79 1223.79 1223.79 1223.79 1223.79 1223.79 1223.79 1223.79 1223.79 1223.79 1223.79 1223.79
2030 1138.41 1138.41 1138.41 1138.41 1138.41 1138.41 1138.41 1138.41 1138.41 1138.41 1138.41 1138.41
2031 1092.88 1092.88 1092.88 1092.88 1092.88 1092.88 1092.88 1092.88 1092.88 1092.88 1092.88 1092.88
2032 1047.34 1047.34 1047.34 1047.34 1047.34 1047.34 1047.34 1047.34 1047.34 1047.34 1047.34 1047.34
2033  1001.8  1001.8  1001.8  1001.8  1001.8  1001.8  1001.8  1001.8  1001.8  1001.8  1001.8  1001.8
2034  956.27  956.27  956.27  956.27  956.27  956.27  956.27  956.27  956.27  956.27  956.27  956.27
2035  956.27  956.27  956.27  956.27  956.27  956.27  956.27  956.27  956.27  956.27  956.27  956.27
2036  956.27  956.27  956.27  956.27  956.27  956.27  956.27  956.27  956.27  956.27  956.27  956.27
2037  956.27  956.27  956.27  956.27  956.27  956.27  956.27  956.27  956.27  956.27  956.27  956.27
2038  956.27  956.27  956.27  956.27  956.27  956.27  956.27  956.27  956.27  956.27  956.27  956.27
2039  956.27  956.27  956.27  956.27  956.27  956.27  956.27  956.27  956.27  956.27  956.27  956.27
**** Fuel:    245 GAS (245)   
Year .....01 .....02 .....03 .....04 .....05 .....06 .....07 .....08 .....09 .....10 .....11 .....12
2025 1158.49 1158.49 1158.49 1158.49 1158.49 1158.49 1158.49 1158.49 1158.49 1158.49 1158.49 1158.49
2026 1010.38 1010.38 1010.38 1010.38 1010.38 1010.38 1010.38 1010.38 1010.38 1010.38 1010.38 1010.38
2027  954.84  954.84  954.84  954.84  954.84  954.84  954.84  954.84  954.84  954.84  954.84  954.84
2028   899.3   899.3   899.3   899.3   899.3   899.3   899.3   899.3   899.3   899.3   899.3   899.3
2029  843.76  843.76  843.76  843.76  843.76  843.76  843.76  843.76  843.76  843.76  843.76  843.76
2030  788.22  788.22  788.22  788.22  788.22  788.22  788.22  788.22  788.22  788.22  788.22  788.22
2031   758.6   758.6   758.6   758.6   758.6   758.6   758.6   758.6   758.6   758.6   758.6   758.6
2032  728.98  728.98  728.98  728.98  728.98  728.98  728.98  728.98  728.98  728.98  728.98  728.98
2033  699.36  699.36  699.36  699.36  699.36  699.36  699.36  699.36  699.36  699.36  699.36  699.36
2034  669.73  669.73  669.73  669.73  669.73  669.73  669.73  669.73  669.73  669.73  669.73  669.73
2035  669.73  669.73  669.73  669.73  669.73  669.73  669.73  669.73  669.73  669.73  669.73  669.73
2036  669.73  669.73  669.73  669.73  669.73  669.73  669.73  669.73  669.73  669.73  669.73  669.73
2037  669.73  669.73  669.73  669.73  669.73  669.73  669.73  669.73  669.73  669.73  669.73  669.73
2038  669.73  669.73  669.73  669.73  669.73  669.73  669.73  669.73  669.73  669.73  669.73  669.73
2039  669.73  669.73  669.73  669.73  669.73  669.73  669.73  669.73  669.73  669.73  669.73  669.73
**** Fuel:    246 GAS (246)   
Year .....01 .....02 .....03 .....04 .....05 .....06 .....07 .....08 .....09 .....10 .....11 .....12
2025 1158.49 1158.49 1158.49 1158.49 1158.49 1158.49 1158.49 1158.49 1158.49 1158.49 1158.49 1158.49
2026 1010.38 1010.38 1010.38 1010.38 1010.38 1010.38 1010.38 1010.38 1010.38 1010.38 1010.38 1010.38
2027  954.84  954.84  954.84  954.84  954.84  954.84  954.84  954.84  954.84  954.84  954.84  954.84
2028   899.3   899.3   899.3   899.3   899.3   899.3   899.3   899.3   899.3   899.3   899.3   899.3
2029  843.76  843.76  843.76  843.76  843.76  843.76  843.76  843.76  843.76  843.76  843.76  843.76
2030  788.22  788.22  788.22  788.22  788.22  788.22  788.22  788.22  788.22  788.22  788.22  788.22
2031   758.6   758.6   758.6   758.6   758.6   758.6   758.6   758.6   758.6   758.6   758.6   758.6
2032  728.98  728.98  728.98  728.98  728.98  728.98  728.98  728.98  728.98  728.98  728.98  728.98
2033  699.36  699.36  699.36  699.36  699.36  699.36  699.36  699.36  699.36  699.36  699.36  699.36
2034  669.73  669.73  669.73  669.73  669.73  669.73  669.73  669.73  669.73  669.73  669.73  669.73
2035  669.73  669.73  669.73  669.73  669.73  669.73  669.73  669.73  669.73  669.73  669.73  669.73
2036  669.73  669.73  669.73  669.73  669.73  669.73  669.73  669.73  669.73  669.73  669.73  669.73
2037  669.73  669.73  669.73  669.73  669.73  669.73  669.73  669.73  669.73  669.73  669.73  669.73
2038  669.73  669.73  669.73  669.73  669.73  669.73  669.73  669.73  669.73  669.73  669.73  669.73
2039  669.73  669.73  669.73  669.73  669.73  669.73  669.73  669.73  669.73  669.73  669.73  669.73
**** Fuel:    249 GAS (249)   
Year .....01 .....02 .....03 .....04 .....05 .....06 .....07 .....08 .....09 .....10 .....11 .....12
2025 1349.78 1349.78 1349.78 1349.78 1349.78 1349.78 1349.78 1349.78 1349.78 1349.78 1349.78 1349.78
2026 1184.33 1184.33 1184.33 1184.33 1184.33 1184.33 1184.33 1184.33 1184.33 1184.33 1184.33 1184.33
2027 1122.29 1122.29 1122.29 1122.29 1122.29 1122.29 1122.29 1122.29 1122.29 1122.29 1122.29 1122.29
2028 1060.25 1060.25 1060.25 1060.25 1060.25 1060.25 1060.25 1060.25 1060.25 1060.25 1060.25 1060.25
2029  998.21  998.21  998.21  998.21  998.21  998.21  998.21  998.21  998.21  998.21  998.21  998.21
2030  936.16  936.16  936.16  936.16  936.16  936.16  936.16  936.16  936.16  936.16  936.16  936.16
2031  903.07  903.07  903.07  903.07  903.07  903.07  903.07  903.07  903.07  903.07  903.07  903.07
2032  869.98  869.98  869.98  869.98  869.98  869.98  869.98  869.98  869.98  869.98  869.98  869.98
2033  836.89  836.89  836.89  836.89  836.89  836.89  836.89  836.89  836.89  836.89  836.89  836.89
2034  803.81  803.81  803.81  803.81  803.81  803.81  803.81  803.81  803.81  803.81  803.81  803.81
2035  803.81  803.81  803.81  803.81  803.81  803.81  803.81  803.81  803.81  803.81  803.81  803.81
2036  803.81  803.81  803.81  803.81  803.81  803.81  803.81  803.81  803.81  803.81  803.81  803.81
2037  803.81  803.81  803.81  803.81  803.81  803.81  803.81  803.81  803.81  803.81  803.81  803.81
2038  803.81  803.81  803.81  803.81  803.81  803.81  803.81  803.81  803.81  803.81  803.81  803.81
2039  803.81  803.81  803.81  803.81  803.81  803.81  803.81  803.81  803.81  803.81  803.81  803.81
**** Fuel:    250 GAS (250)   
Year .....01 .....02 .....03 .....04 .....05 .....06 .....07 .....08 .....09 .....10 .....11 .....12
2025 1346.42 1346.42 1346.42 1346.42 1346.42 1346.42 1346.42 1346.42 1346.42 1346.42 1346.42 1346.42
2026 1182.91 1182.91 1182.91 1182.91 1182.91 1182.91 1182.91 1182.91 1182.91 1182.91 1182.91 1182.91
2027 1121.59 1121.59 1121.59 1121.59 1121.59 1121.59 1121.59 1121.59 1121.59 1121.59 1121.59 1121.59
2028 1060.27 1060.27 1060.27 1060.27 1060.27 1060.27 1060.27 1060.27 1060.27 1060.27 1060.27 1060.27
2029  998.95  998.95  998.95  998.95  998.95  998.95  998.95  998.95  998.95  998.95  998.95  998.95
2030  937.63  937.63  937.63  937.63  937.63  937.63  937.63  937.63  937.63  937.63  937.63  937.63
2031  904.93  904.93  904.93  904.93  904.93  904.93  904.93  904.93  904.93  904.93  904.93  904.93
2032  872.23  872.23  872.23  872.23  872.23  872.23  872.23  872.23  872.23  872.23  872.23  872.23
2033  839.52  839.52  839.52  839.52  839.52  839.52  839.52  839.52  839.52  839.52  839.52  839.52
2034  806.82  806.82  806.82  806.82  806.82  806.82  806.82  806.82  806.82  806.82  806.82  806.82
2035  806.82  806.82  806.82  806.82  806.82  806.82  806.82  806.82  806.82  806.82  806.82  806.82
2036  806.82  806.82  806.82  806.82  806.82  806.82  806.82  806.82  806.82  806.82  806.82  806.82
2037  806.82  806.82  806.82  806.82  806.82  806.82  806.82  806.82  806.82  806.82  806.82  806.82
2038  806.82  806.82  806.82  806.82  806.82  806.82  806.82  806.82  806.82  806.82  806.82  806.82
2039  806.82  806.82  806.82  806.82  806.82  806.82  806.82  806.82  806.82  806.82  806.82  806.82
**** Fuel:    211 GAS (211)   
Year .....01 .....02 .....03 .....04 .....05 .....06 .....07 .....08 .....09 .....10 .....11 .....12
2025  203.34  203.34  203.34  203.34  203.34  203.34  203.34  203.34  203.34  203.34  203.34  203.34
2026  200.86  200.86  200.86  200.86  200.86  200.86  200.86  200.86  200.86  200.86  200.86  200.86
2027  198.38  198.38  198.38  198.38  198.38  198.38  198.38  198.38  198.38  198.38  198.38  198.38
2028  195.07  195.07  195.07  195.07  195.07  195.07  195.07  195.07  195.07  195.07  195.07  195.07
2029  192.59  192.59  192.59  192.59  192.59  192.59  192.59  192.59  192.59  192.59  192.59  192.59
2030  190.11  190.11  190.11  190.11  190.11  190.11  190.11  190.11  190.11  190.11  190.11  190.11
2031  187.63  187.63  187.63  187.63  187.63  187.63  187.63  187.63  187.63  187.63  187.63  187.63
2032  185.15  185.15  185.15  185.15  185.15  185.15  185.15  185.15  185.15  185.15  185.15  185.15
2033  182.67  182.67  182.67  182.67  182.67  182.67  182.67  182.67  182.67  182.67  182.67  182.67
2034  178.54  178.54  178.54  178.54  178.54  178.54  178.54  178.54  178.54  178.54  178.54  178.54
2035  178.54  178.54  178.54  178.54  178.54  178.54  178.54  178.54  178.54  178.54  178.54  178.54
2036  178.54  178.54  178.54  178.54  178.54  178.54  178.54  178.54  178.54  178.54  178.54  178.54
2037  178.54  178.54  178.54  178.54  178.54  178.54  178.54  178.54  178.54  178.54  178.54  178.54
2038  178.54  178.54  178.54  178.54  178.54  178.54  178.54  178.54  178.54  178.54  178.54  178.54
2039  178.54  178.54  178.54  178.54  178.54  178.54  178.54  178.54  178.54  178.54  178.54  178.54
**** Fuel:     97 GAS (97)    
Year .....01 .....02 .....03 .....04 .....05 .....06 .....07 .....08 .....09 .....10 .....11 .....12
2025  571.95  571.95  571.95  571.95  571.95  571.95  571.95  571.95  571.95  571.95  571.95  571.95
2026   497.5   497.5   497.5   497.5   497.5   497.5   497.5   497.5   497.5   497.5   497.5   497.5
2027  469.58  469.58  469.58  469.58  469.58  469.58  469.58  469.58  469.58  469.58  469.58  469.58
2028  441.66  441.66  441.66  441.66  441.66  441.66  441.66  441.66  441.66  441.66  441.66  441.66
2029  413.74  413.74  413.74  413.74  413.74  413.74  413.74  413.74  413.74  413.74  413.74  413.74
2030  385.82  385.82  385.82  385.82  385.82  385.82  385.82  385.82  385.82  385.82  385.82  385.82
2031  370.93  370.93  370.93  370.93  370.93  370.93  370.93  370.93  370.93  370.93  370.93  370.93
2032  356.04  356.04  356.04  356.04  356.04  356.04  356.04  356.04  356.04  356.04  356.04  356.04
2033  341.15  341.15  341.15  341.15  341.15  341.15  341.15  341.15  341.15  341.15  341.15  341.15
2034  326.26  326.26  326.26  326.26  326.26  326.26  326.26  326.26  326.26  326.26  326.26  326.26
2035  326.26  326.26  326.26  326.26  326.26  326.26  326.26  326.26  326.26  326.26  326.26  326.26
2036  326.26  326.26  326.26  326.26  326.26  326.26  326.26  326.26  326.26  326.26  326.26  326.26
2037  326.26  326.26  326.26  326.26  326.26  326.26  326.26  326.26  326.26  326.26  326.26  326.26
2038  326.26  326.26  326.26  326.26  326.26  326.26  326.26  326.26  326.26  326.26  326.26  326.26
2039  326.26  326.26  326.26  326.26  326.26  326.26  326.26  326.26  326.26  326.26  326.26  326.26
**** Fuel:     63 GAS (63)    
Year .....01 .....02 .....03 .....04 .....05 .....06 .....07 .....08 .....09 .....10 .....11 .....12
2025 1175.66 1175.66 1175.66 1175.66 1175.66 1175.66 1175.66 1175.66 1175.66 1175.66 1175.66 1175.66
2026 1214.06 1214.06 1214.06 1214.06 1214.06 1214.06 1214.06 1214.06 1214.06 1214.06 1214.06 1214.06
2027 1146.82 1146.82 1146.82 1146.82 1146.82 1146.82 1146.82 1146.82 1146.82 1146.82 1146.82 1146.82
2028 1079.59 1079.59 1079.59 1079.59 1079.59 1079.59 1079.59 1079.59 1079.59 1079.59 1079.59 1079.59
2029 1012.35 1012.35 1012.35 1012.35 1012.35 1012.35 1012.35 1012.35 1012.35 1012.35 1012.35 1012.35
2030  945.12  945.12  945.12  945.12  945.12  945.12  945.12  945.12  945.12  945.12  945.12  945.12
2031  909.26  909.26  909.26  909.26  909.26  909.26  909.26  909.26  909.26  909.26  909.26  909.26
2032   873.4   873.4   873.4   873.4   873.4   873.4   873.4   873.4   873.4   873.4   873.4   873.4
2033  837.54  837.54  837.54  837.54  837.54  837.54  837.54  837.54  837.54  837.54  837.54  837.54
2034  801.69  801.69  801.69  801.69  801.69  801.69  801.69  801.69  801.69  801.69  801.69  801.69
2035  801.69  801.69  801.69  801.69  801.69  801.69  801.69  801.69  801.69  801.69  801.69  801.69
2036  801.69  801.69  801.69  801.69  801.69  801.69  801.69  801.69  801.69  801.69  801.69  801.69
2037  801.69  801.69  801.69  801.69  801.69  801.69  801.69  801.69  801.69  801.69  801.69  801.69
2038  801.69  801.69  801.69  801.69  801.69  801.69  801.69  801.69  801.69  801.69  801.69  801.69
2039  801.69  801.69  801.69  801.69  801.69  801.69  801.69  801.69  801.69  801.69  801.69  801.69
**** Fuel:     47 GAS (47)    
Year .....01 .....02 .....03 .....04 .....05 .....06 .....07 .....08 .....09 .....10 .....11 .....12
2025  700.47  700.47  700.47  700.47  700.47  700.47  700.47  700.47  700.47  700.47  700.47  700.47
2026 1219.59 1219.59 1219.59 1219.59 1219.59 1219.59 1219.59 1219.59 1219.59 1219.59 1219.59 1219.59
2027 1151.58 1151.58 1151.58 1151.58 1151.58 1151.58 1151.58 1151.58 1151.58 1151.58 1151.58 1151.58
2028 1083.57 1083.57 1083.57 1083.57 1083.57 1083.57 1083.57 1083.57 1083.57 1083.57 1083.57 1083.57
2029 1015.57 1015.57 1015.57 1015.57 1015.57 1015.57 1015.57 1015.57 1015.57 1015.57 1015.57 1015.57
2030  947.56  947.56  947.56  947.56  947.56  947.56  947.56  947.56  947.56  947.56  947.56  947.56
2031  911.29  911.29  911.29  911.29  911.29  911.29  911.29  911.29  911.29  911.29  911.29  911.29
2032  875.02  875.02  875.02  875.02  875.02  875.02  875.02  875.02  875.02  875.02  875.02  875.02
2033  838.75  838.75  838.75  838.75  838.75  838.75  838.75  838.75  838.75  838.75  838.75  838.75
2034  802.48  802.48  802.48  802.48  802.48  802.48  802.48  802.48  802.48  802.48  802.48  802.48
2035  802.48  802.48  802.48  802.48  802.48  802.48  802.48  802.48  802.48  802.48  802.48  802.48
2036  802.48  802.48  802.48  802.48  802.48  802.48  802.48  802.48  802.48  802.48  802.48  802.48
2037  802.48  802.48  802.48  802.48  802.48  802.48  802.48  802.48  802.48  802.48  802.48  802.48
2038  802.48  802.48  802.48  802.48  802.48  802.48  802.48  802.48  802.48  802.48  802.48  802.48
2039  802.48  802.48  802.48  802.48  802.48  802.48  802.48  802.48  802.48  802.48  802.48  802.48
**** Fuel:    137 GAS (137)   
Year .....01 .....02 .....03 .....04 .....05 .....06 .....07 .....08 .....09 .....10 .....11 .....12
2025  392.65  392.65  392.65  392.65  392.65  392.65  392.65  392.65  392.65  392.65  392.65  392.65
2026  387.64  387.64  387.64  387.64  387.64  387.64  387.64  387.64  387.64  387.64  387.64  387.64
2027  382.63  382.63  382.63  382.63  382.63  382.63  382.63  382.63  382.63  382.63  382.63  382.63
2028  375.95  375.95  375.95  375.95  375.95  375.95  375.95  375.95  375.95  375.95  375.95  375.95
2029  370.94  370.94  370.94  370.94  370.94  370.94  370.94  370.94  370.94  370.94  370.94  370.94
2030  365.93  365.93  365.93  365.93  365.93  365.93  365.93  365.93  365.93  365.93  365.93  365.93
2031  360.92  360.92  360.92  360.92  360.92  360.92  360.92  360.92  360.92  360.92  360.92  360.92
2032  355.92  355.92  355.92  355.92  355.92  355.92  355.92  355.92  355.92  355.92  355.92  355.92
2033  350.91  350.91  350.91  350.91  350.91  350.91  350.91  350.91  350.91  350.91  350.91  350.91
2034  342.56  342.56  342.56  342.56  342.56  342.56  342.56  342.56  342.56  342.56  342.56  342.56
2035  342.56  342.56  342.56  342.56  342.56  342.56  342.56  342.56  342.56  342.56  342.56  342.56
2036  342.56  342.56  342.56  342.56  342.56  342.56  342.56  342.56  342.56  342.56  342.56  342.56
2037  342.56  342.56  342.56  342.56  342.56  342.56  342.56  342.56  342.56  342.56  342.56  342.56
2038  342.56  342.56  342.56  342.56  342.56  342.56  342.56  342.56  342.56  342.56  342.56  342.56
2039  342.56  342.56  342.56  342.56  342.56  342.56  342.56  342.56  342.56  342.56  342.56  342.56
**** Fuel:    238 GAS (238)   
Year .....01 .....02 .....03 .....04 .....05 .....06 .....07 .....08 .....09 .....10 .....11 .....12
2025   743.9   743.9   743.9   743.9   743.9   743.9   743.9   743.9   743.9   743.9   743.9   743.9
2026  647.03  647.03  647.03  647.03  647.03  647.03  647.03  647.03  647.03  647.03  647.03  647.03
2027   610.7   610.7   610.7   610.7   610.7   610.7   610.7   610.7   610.7   610.7   610.7   610.7
2028  574.38  574.38  574.38  574.38  574.38  574.38  574.38  574.38  574.38  574.38  574.38  574.38
2029  538.05  538.05  538.05  538.05  538.05  538.05  538.05  538.05  538.05  538.05  538.05  538.05
2030  501.72  501.72  501.72  501.72  501.72  501.72  501.72  501.72  501.72  501.72  501.72  501.72
2031  482.35  482.35  482.35  482.35  482.35  482.35  482.35  482.35  482.35  482.35  482.35  482.35
2032  462.97  462.97  462.97  462.97  462.97  462.97  462.97  462.97  462.97  462.97  462.97  462.97
2033   443.6   443.6   443.6   443.6   443.6   443.6   443.6   443.6   443.6   443.6   443.6   443.6
2034  424.22  424.22  424.22  424.22  424.22  424.22  424.22  424.22  424.22  424.22  424.22  424.22
2035  424.22  424.22  424.22  424.22  424.22  424.22  424.22  424.22  424.22  424.22  424.22  424.22
2036  424.22  424.22  424.22  424.22  424.22  424.22  424.22  424.22  424.22  424.22  424.22  424.22
2037  424.22  424.22  424.22  424.22  424.22  424.22  424.22  424.22  424.22  424.22  424.22  424.22
2038  424.22  424.22  424.22  424.22  424.22  424.22  424.22  424.22  424.22  424.22  424.22  424.22
2039  424.22  424.22  424.22  424.22  424.22  424.22  424.22  424.22  424.22  424.22  424.22  424.22
**** Fuel:    236 GAS (236)   
Year .....01 .....02 .....03 .....04 .....05 .....06 .....07 .....08 .....09 .....10 .....11 .....12
2025   192.6   192.6   192.6   192.6   192.6   192.6   192.6   192.6   192.6   192.6   192.6   192.6
2026  193.06  193.06  193.06  193.06  193.06  193.06  193.06  193.06  193.06  193.06  193.06  193.06
2027  193.52  193.52  193.52  193.52  193.52  193.52  193.52  193.52  193.52  193.52  193.52  193.52
2028  193.98  193.98  193.98  193.98  193.98  193.98  193.98  193.98  193.98  193.98  193.98  193.98
2029  194.43  194.43  194.43  194.43  194.43  194.43  194.43  194.43  194.43  194.43  194.43  194.43
2030  194.89  194.89  194.89  194.89  194.89  194.89  194.89  194.89  194.89  194.89  194.89  194.89
2031  195.12  195.12  195.12  195.12  195.12  195.12  195.12  195.12  195.12  195.12  195.12  195.12
2032  195.58  195.58  195.58  195.58  195.58  195.58  195.58  195.58  195.58  195.58  195.58  195.58
2033  193.06  193.06  193.06  193.06  193.06  193.06  193.06  193.06  193.06  193.06  193.06  193.06
2034     191     191     191     191     191     191     191     191     191     191     191     191
2035     191     191     191     191     191     191     191     191     191     191     191     191
2036     191     191     191     191     191     191     191     191     191     191     191     191
2037     191     191     191     191     191     191     191     191     191     191     191     191
2038     191     191     191     191     191     191     191     191     191     191     191     191
2039     191     191     191     191     191     191     191     191     191     191     191     191
**** Fuel:    248 GAS (248)   
Year .....01 .....02 .....03 .....04 .....05 .....06 .....07 .....08 .....09 .....10 .....11 .....12
2025 1664.11 1664.11 1664.11 1664.11 1664.11 1664.11 1664.11 1664.11 1664.11 1664.11 1664.11 1664.11
2026 1449.19 1449.19 1449.19 1449.19 1449.19 1449.19 1449.19 1449.19 1449.19 1449.19 1449.19 1449.19
2027 1368.59 1368.59 1368.59 1368.59 1368.59 1368.59 1368.59 1368.59 1368.59 1368.59 1368.59 1368.59
2028 1287.99 1287.99 1287.99 1287.99 1287.99 1287.99 1287.99 1287.99 1287.99 1287.99 1287.99 1287.99
2029  1207.4  1207.4  1207.4  1207.4  1207.4  1207.4  1207.4  1207.4  1207.4  1207.4  1207.4  1207.4
2030  1126.8  1126.8  1126.8  1126.8  1126.8  1126.8  1126.8  1126.8  1126.8  1126.8  1126.8  1126.8
2031 1083.81 1083.81 1083.81 1083.81 1083.81 1083.81 1083.81 1083.81 1083.81 1083.81 1083.81 1083.81
2032 1040.83 1040.83 1040.83 1040.83 1040.83 1040.83 1040.83 1040.83 1040.83 1040.83 1040.83 1040.83
2033  997.84  997.84  997.84  997.84  997.84  997.84  997.84  997.84  997.84  997.84  997.84  997.84
2034  954.86  954.86  954.86  954.86  954.86  954.86  954.86  954.86  954.86  954.86  954.86  954.86
2035  954.86  954.86  954.86  954.86  954.86  954.86  954.86  954.86  954.86  954.86  954.86  954.86
2036  954.86  954.86  954.86  954.86  954.86  954.86  954.86  954.86  954.86  954.86  954.86  954.86
2037  954.86  954.86  954.86  954.86  954.86  954.86  954.86  954.86  954.86  954.86  954.86  954.86
2038  954.86  954.86  954.86  954.86  954.86  954.86  954.86  954.86  954.86  954.86  954.86  954.86
2039  954.86  954.86  954.86  954.86  954.86  954.86  954.86  954.86  954.86  954.86  954.86  954.86
**** Fuel:    507 GAS (507)   
Year .....01 .....02 .....03 .....04 .....05 .....06 .....07 .....08 .....09 .....10 .....11 .....12
2025     652     652     652     652     652     652     652     652     652     652     652     652
2026     651     651     651     651     651     651     651     651     651     651     651     651
2027     631     631     631     631     631     631     631     631     631     631     631     631
2028     688     688     688     688     688     688     688     688     688     688     688     688
2029     691     691     691     691     691     691     691     691     691     691     691     691
2030     695     695     695     695     695     695     695     695     695     695     695     695
2031     699     699     699     699     699     699     699     699     699     699     699     699
2032     703     703     703     703     703     703     703     703     703     703     703     703
2033     707     707     707     707     707     707     707     707     707     707     707     707
2034     713     713     713     713     713     713     713     713     713     713     713     713
2035     716     716     716     716     716     716     716     716     716     716     716     716
2036     720     720     720     720     720     720     720     720     720     720     720     720
2037     726     726     726     726     726     726     726     726     726     726     726     726
2038     730     730     730     730     730     730     730     730     730     730     730     730
2039     734     734     734     734     734     734     734     734     734     734     734     734
**** Fuel:    509 GAS (509)   
Year .....01 .....02 .....03 .....04 .....05 .....06 .....07 .....08 .....09 .....10 .....11 .....12
2025     355     355     355     355     355     355     355     355     355     355     355     355
2026     355     355     355     355     355     355     355     355     355     355     355     355
2027     349     349     349     349     349     349     349     349     349     349     349     349
2028     371     371     371     371     371     371     371     371     371     371     371     371
2029     356     356     356     356     356     356     356     356     356     356     356     356
2030     356     356     356     356     356     356     356     356     356     356     356     356
2031     356     356     356     356     356     356     356     356     356     356     356     356
2032     356     356     356     356     356     356     356     356     356     356     356     356
2033     356     356     356     356     356     356     356     356     356     356     356     356
2034     356     356     356     356     356     356     356     356     356     356     356     356
2035     356     356     356     356     356     356     356     356     356     356     356     356
2036     356     356     356     356     356     356     356     356     356     356     356     356
2037     356     356     356     356     356     356     356     356     356     356     356     356
2038     356     356     356     356     356     356     356     356     356     356     356     356
2039     356     356     356     356     356     356     356     356     356     356     356     356
**** Fuel:    760 GAS (760)   
Year .....01 .....02 .....03 .....04 .....05 .....06 .....07 .....08 .....09 .....10 .....11 .....12
2025     854     854     854     854     854     854     854     854     854     854     854     854
2026  902.26  902.26  902.26  902.26  902.26  902.26  902.26  902.26  902.26  902.26  902.26  902.26
2027  906.06  906.06  906.06  906.06  906.06  906.06  906.06  906.06  906.06  906.06  906.06  906.06
2028   911.2   911.2   911.2   911.2   911.2   911.2   911.2   911.2   911.2   911.2   911.2   911.2
2029  916.51  916.51  916.51  916.51  916.51  916.51  916.51  916.51  916.51  916.51  916.51  916.51
2030  922.72  922.72  922.72  922.72  922.72  922.72  922.72  922.72  922.72  922.72  922.72  922.72
2031  927.75  927.75  927.75  927.75  927.75  927.75  927.75  927.75  927.75  927.75  927.75  927.75
2032  935.13  935.13  935.13  935.13  935.13  935.13  935.13  935.13  935.13  935.13  935.13  935.13
2033  939.26  939.26  939.26  939.26  939.26  939.26  939.26  939.26  939.26  939.26  939.26  939.26
2034  945.43  945.43  945.43  945.43  945.43  945.43  945.43  945.43  945.43  945.43  945.43  945.43
2035  953.13  953.13  953.13  953.13  953.13  953.13  953.13  953.13  953.13  953.13  953.13  953.13
2036  958.43  958.43  958.43  958.43  958.43  958.43  958.43  958.43  958.43  958.43  958.43  958.43
2037  964.29  964.29  964.29  964.29  964.29  964.29  964.29  964.29  964.29  964.29  964.29  964.29
2038  969.09  969.09  969.09  969.09  969.09  969.09  969.09  969.09  969.09  969.09  969.09  969.09
2039   973.9   973.9   973.9   973.9   973.9   973.9   973.9   973.9   973.9   973.9   973.9   973.9
**** Fuel:    761 GAS (761)   
Year .....01 .....02 .....03 .....04 .....05 .....06 .....07 .....08 .....09 .....10 .....11 .....12
2025     872     872     872     872     872     872     872     872     872     872     872     872
2026  921.75  921.75  921.75  921.75  921.75  921.75  921.75  921.75  921.75  921.75  921.75  921.75
2027  925.64  925.64  925.64  925.64  925.64  925.64  925.64  925.64  925.64  925.64  925.64  925.64
2028  930.89  930.89  930.89  930.89  930.89  930.89  930.89  930.89  930.89  930.89  930.89  930.89
2029  936.32  936.32  936.32  936.32  936.32  936.32  936.32  936.32  936.32  936.32  936.32  936.32
2030  942.67  942.67  942.67  942.67  942.67  942.67  942.67  942.67  942.67  942.67  942.67  942.67
2031  947.82  947.82  947.82  947.82  947.82  947.82  947.82  947.82  947.82  947.82  947.82  947.82
2032  955.37  955.37  955.37  955.37  955.37  955.37  955.37  955.37  955.37  955.37  955.37  955.37
2033   959.6   959.6   959.6   959.6   959.6   959.6   959.6   959.6   959.6   959.6   959.6   959.6
2034  965.91  965.91  965.91  965.91  965.91  965.91  965.91  965.91  965.91  965.91  965.91  965.91
2035  973.78  973.78  973.78  973.78  973.78  973.78  973.78  973.78  973.78  973.78  973.78  973.78
2036  979.19  979.19  979.19  979.19  979.19  979.19  979.19  979.19  979.19  979.19  979.19  979.19
2037  985.19  985.19  985.19  985.19  985.19  985.19  985.19  985.19  985.19  985.19  985.19  985.19
2038   990.1   990.1   990.1   990.1   990.1   990.1   990.1   990.1   990.1   990.1   990.1   990.1
2039  995.02  995.02  995.02  995.02  995.02  995.02  995.02  995.02  995.02  995.02  995.02  995.02
**** Fuel:    769 GAS (769)   
Year .....01 .....02 .....03 .....04 .....05 .....06 .....07 .....08 .....09 .....10 .....11 .....12
2025    1003    1003    1003    1003    1003    1003    1003    1003    1003    1003    1003    1003
2026 1060.23 1060.23 1060.23 1060.23 1060.23 1060.23 1060.23 1060.23 1060.23 1060.23 1060.23 1060.23
2027 1064.73 1064.73 1064.73 1064.73 1064.73 1064.73 1064.73 1064.73 1064.73 1064.73 1064.73 1064.73
2028 1070.81 1070.81 1070.81 1070.81 1070.81 1070.81 1070.81 1070.81 1070.81 1070.81 1070.81 1070.81
2029  1077.1  1077.1  1077.1  1077.1  1077.1  1077.1  1077.1  1077.1  1077.1  1077.1  1077.1  1077.1
2030 1084.46 1084.46 1084.46 1084.46 1084.46 1084.46 1084.46 1084.46 1084.46 1084.46 1084.46 1084.46
2031 1090.42 1090.42 1090.42 1090.42 1090.42 1090.42 1090.42 1090.42 1090.42 1090.42 1090.42 1090.42
2032 1099.15 1099.15 1099.15 1099.15 1099.15 1099.15 1099.15 1099.15 1099.15 1099.15 1099.15 1099.15
2033 1104.05 1104.05 1104.05 1104.05 1104.05 1104.05 1104.05 1104.05 1104.05 1104.05 1104.05 1104.05
2034 1111.36 1111.36 1111.36 1111.36 1111.36 1111.36 1111.36 1111.36 1111.36 1111.36 1111.36 1111.36
2035 1120.47 1120.47 1120.47 1120.47 1120.47 1120.47 1120.47 1120.47 1120.47 1120.47 1120.47 1120.47
2036 1126.74 1126.74 1126.74 1126.74 1126.74 1126.74 1126.74 1126.74 1126.74 1126.74 1126.74 1126.74
2037 1133.68 1133.68 1133.68 1133.68 1133.68 1133.68 1133.68 1133.68 1133.68 1133.68 1133.68 1133.68
2038 1139.37 1139.37 1139.37 1139.37 1139.37 1139.37 1139.37 1139.37 1139.37 1139.37 1139.37 1139.37
2039 1145.07 1145.07 1145.07 1145.07 1145.07 1145.07 1145.07 1145.07 1145.07 1145.07 1145.07 1145.07
**** Fuel:    772 GAS (772)   
Year .....01 .....02 .....03 .....04 .....05 .....06 .....07 .....08 .....09 .....10 .....11 .....12
2025     745     745     745     745     745     745     745     745     745     745     745     745
2026  786.82  786.82  786.82  786.82  786.82  786.82  786.82  786.82  786.82  786.82  786.82  786.82
2027  790.11  790.11  790.11  790.11  790.11  790.11  790.11  790.11  790.11  790.11  790.11  790.11
2028  794.56  794.56  794.56  794.56  794.56  794.56  794.56  794.56  794.56  794.56  794.56  794.56
2029  799.15  799.15  799.15  799.15  799.15  799.15  799.15  799.15  799.15  799.15  799.15  799.15
2030  804.52  804.52  804.52  804.52  804.52  804.52  804.52  804.52  804.52  804.52  804.52  804.52
2031  808.88  808.88  808.88  808.88  808.88  808.88  808.88  808.88  808.88  808.88  808.88  808.88
2032  815.27  815.27  815.27  815.27  815.27  815.27  815.27  815.27  815.27  815.27  815.27  815.27
2033  818.84  818.84  818.84  818.84  818.84  818.84  818.84  818.84  818.84  818.84  818.84  818.84
2034  824.18  824.18  824.18  824.18  824.18  824.18  824.18  824.18  824.18  824.18  824.18  824.18
2035  830.84  830.84  830.84  830.84  830.84  830.84  830.84  830.84  830.84  830.84  830.84  830.84
2036  835.43  835.43  835.43  835.43  835.43  835.43  835.43  835.43  835.43  835.43  835.43  835.43
2037   840.5   840.5   840.5   840.5   840.5   840.5   840.5   840.5   840.5   840.5   840.5   840.5
2038  844.66  844.66  844.66  844.66  844.66  844.66  844.66  844.66  844.66  844.66  844.66  844.66
2039  848.82  848.82  848.82  848.82  848.82  848.82  848.82  848.82  848.82  848.82  848.82  848.82
**** Fuel:    774 GAS (774)   
Year .....01 .....02 .....03 .....04 .....05 .....06 .....07 .....08 .....09 .....10 .....11 .....12
2025    1029    1029    1029    1029    1029    1029    1029    1029    1029    1029    1029    1029
2026 1087.67 1087.67 1087.67 1087.67 1087.67 1087.67 1087.67 1087.67 1087.67 1087.67 1087.67 1087.67
2027  1092.3  1092.3  1092.3  1092.3  1092.3  1092.3  1092.3  1092.3  1092.3  1092.3  1092.3  1092.3
2028 1098.55 1098.55 1098.55 1098.55 1098.55 1098.55 1098.55 1098.55 1098.55 1098.55 1098.55 1098.55
2029    1105    1105    1105    1105    1105    1105    1105    1105    1105    1105    1105    1105
2030 1112.56 1112.56 1112.56 1112.56 1112.56 1112.56 1112.56 1112.56 1112.56 1112.56 1112.56 1112.56
2031 1118.68 1118.68 1118.68 1118.68 1118.68 1118.68 1118.68 1118.68 1118.68 1118.68 1118.68 1118.68
2032 1127.65 1127.65 1127.65 1127.65 1127.65 1127.65 1127.65 1127.65 1127.65 1127.65 1127.65 1127.65
2033 1132.68 1132.68 1132.68 1132.68 1132.68 1132.68 1132.68 1132.68 1132.68 1132.68 1132.68 1132.68
2034 1140.19 1140.19 1140.19 1140.19 1140.19 1140.19 1140.19 1140.19 1140.19 1140.19 1140.19 1140.19
2035 1149.55 1149.55 1149.55 1149.55 1149.55 1149.55 1149.55 1149.55 1149.55 1149.55 1149.55 1149.55
2036 1155.99 1155.99 1155.99 1155.99 1155.99 1155.99 1155.99 1155.99 1155.99 1155.99 1155.99 1155.99
2037 1163.12 1163.12 1163.12 1163.12 1163.12 1163.12 1163.12 1163.12 1163.12 1163.12 1163.12 1163.12
2038 1168.96 1168.96 1168.96 1168.96 1168.96 1168.96 1168.96 1168.96 1168.96 1168.96 1168.96 1168.96
2039  1174.8  1174.8  1174.8  1174.8  1174.8  1174.8  1174.8  1174.8  1174.8  1174.8  1174.8  1174.8
**** Fuel:    775 GAS (775)   
Year .....01 .....02 .....03 .....04 .....05 .....06 .....07 .....08 .....09 .....10 .....11 .....12
2025    1183    1183    1183    1183    1183    1183    1183    1183    1183    1183    1183    1183
2026 1250.64 1250.64 1250.64 1250.64 1250.64 1250.64 1250.64 1250.64 1250.64 1250.64 1250.64 1250.64
2027 1255.98 1255.98 1255.98 1255.98 1255.98 1255.98 1255.98 1255.98 1255.98 1255.98 1255.98 1255.98
2028 1263.21 1263.21 1263.21 1263.21 1263.21 1263.21 1263.21 1263.21 1263.21 1263.21 1263.21 1263.21
2029 1270.67 1270.67 1270.67 1270.67 1270.67 1270.67 1270.67 1270.67 1270.67 1270.67 1270.67 1270.67
2030 1279.41 1279.41 1279.41 1279.41 1279.41 1279.41 1279.41 1279.41 1279.41 1279.41 1279.41 1279.41
2031 1286.49 1286.49 1286.49 1286.49 1286.49 1286.49 1286.49 1286.49 1286.49 1286.49 1286.49 1286.49
2032 1296.86 1296.86 1296.86 1296.86 1296.86 1296.86 1296.86 1296.86 1296.86 1296.86 1296.86 1296.86
2033 1302.68 1302.68 1302.68 1302.68 1302.68 1302.68 1302.68 1302.68 1302.68 1302.68 1302.68 1302.68
2034 1311.35 1311.35 1311.35 1311.35 1311.35 1311.35 1311.35 1311.35 1311.35 1311.35 1311.35 1311.35
2035 1322.18 1322.18 1322.18 1322.18 1322.18 1322.18 1322.18 1322.18 1322.18 1322.18 1322.18 1322.18
2036 1329.62 1329.62 1329.62 1329.62 1329.62 1329.62 1329.62 1329.62 1329.62 1329.62 1329.62 1329.62
2037 1337.87 1337.87 1337.87 1337.87 1337.87 1337.87 1337.87 1337.87 1337.87 1337.87 1337.87 1337.87
2038 1344.62 1344.62 1344.62 1344.62 1344.62 1344.62 1344.62 1344.62 1344.62 1344.62 1344.62 1344.62
2039 1351.38 1351.38 1351.38 1351.38 1351.38 1351.38 1351.38 1351.38 1351.38 1351.38 1351.38 1351.38
**** Fuel:    776 GAS (776)   
Year .....01 .....02 .....03 .....04 .....05 .....06 .....07 .....08 .....09 .....10 .....11 .....12
2025     695     695     695     695     695     695     695     695     695     695     695     695
2026  733.81  733.81  733.81  733.81  733.81  733.81  733.81  733.81  733.81  733.81  733.81  733.81
2027  736.87  736.87  736.87  736.87  736.87  736.87  736.87  736.87  736.87  736.87  736.87  736.87
2028     741     741     741     741     741     741     741     741     741     741     741     741
2029  745.26  745.26  745.26  745.26  745.26  745.26  745.26  745.26  745.26  745.26  745.26  745.26
2030  750.25  750.25  750.25  750.25  750.25  750.25  750.25  750.25  750.25  750.25  750.25  750.25
2031   754.3   754.3   754.3   754.3   754.3   754.3   754.3   754.3   754.3   754.3   754.3   754.3
2032  760.23  760.23  760.23  760.23  760.23  760.23  760.23  760.23  760.23  760.23  760.23  760.23
2033  763.55  763.55  763.55  763.55  763.55  763.55  763.55  763.55  763.55  763.55  763.55  763.55
2034  768.51  768.51  768.51  768.51  768.51  768.51  768.51  768.51  768.51  768.51  768.51  768.51
2035  774.69  774.69  774.69  774.69  774.69  774.69  774.69  774.69  774.69  774.69  774.69  774.69
2036  778.95  778.95  778.95  778.95  778.95  778.95  778.95  778.95  778.95  778.95  778.95  778.95
2037  783.66  783.66  783.66  783.66  783.66  783.66  783.66  783.66  783.66  783.66  783.66  783.66
2038  787.52  787.52  787.52  787.52  787.52  787.52  787.52  787.52  787.52  787.52  787.52  787.52
2039  791.38  791.38  791.38  791.38  791.38  791.38  791.38  791.38  791.38  791.38  791.38  791.38
**** Fuel:    801 GAS (801)   
Year .....01 .....02 .....03 .....04 .....05 .....06 .....07 .....08 .....09 .....10 .....11 .....12
2025     872     872     872     872     872     872     872     872     872     872     872     872
2026  921.75  921.75  921.75  921.75  921.75  921.75  921.75  921.75  921.75  921.75  921.75  921.75
2027  925.64  925.64  925.64  925.64  925.64  925.64  925.64  925.64  925.64  925.64  925.64  925.64
2028  930.89  930.89  930.89  930.89  930.89  930.89  930.89  930.89  930.89  930.89  930.89  930.89
2029  936.32  936.32  936.32  936.32  936.32  936.32  936.32  936.32  936.32  936.32  936.32  936.32
2030  942.67  942.67  942.67  942.67  942.67  942.67  942.67  942.67  942.67  942.67  942.67  942.67
2031  947.82  947.82  947.82  947.82  947.82  947.82  947.82  947.82  947.82  947.82  947.82  947.82
2032  955.37  955.37  955.37  955.37  955.37  955.37  955.37  955.37  955.37  955.37  955.37  955.37
2033   959.6   959.6   959.6   959.6   959.6   959.6   959.6   959.6   959.6   959.6   959.6   959.6
2034  965.91  965.91  965.91  965.91  965.91  965.91  965.91  965.91  965.91  965.91  965.91  965.91
2035  973.78  973.78  973.78  973.78  973.78  973.78  973.78  973.78  973.78  973.78  973.78  973.78
2036  979.19  979.19  979.19  979.19  979.19  979.19  979.19  979.19  979.19  979.19  979.19  979.19
2037  985.19  985.19  985.19  985.19  985.19  985.19  985.19  985.19  985.19  985.19  985.19  985.19
2038   990.1   990.1   990.1   990.1   990.1   990.1   990.1   990.1   990.1   990.1   990.1   990.1
2039  995.02  995.02  995.02  995.02  995.02  995.02  995.02  995.02  995.02  995.02  995.02  995.02
**** Fuel:    802 GAS (802)   
Year .....01 .....02 .....03 .....04 .....05 .....06 .....07 .....08 .....09 .....10 .....11 .....12
2025     978     978     978     978     978     978     978     978     978     978     978     978
2026 1034.19 1034.19 1034.19 1034.19 1034.19 1034.19 1034.19 1034.19 1034.19 1034.19 1034.19 1034.19
2027 1038.57 1038.57 1038.57 1038.57 1038.57 1038.57 1038.57 1038.57 1038.57 1038.57 1038.57 1038.57
2028  1044.5  1044.5  1044.5  1044.5  1044.5  1044.5  1044.5  1044.5  1044.5  1044.5  1044.5  1044.5
2029 1050.63 1050.63 1050.63 1050.63 1050.63 1050.63 1050.63 1050.63 1050.63 1050.63 1050.63 1050.63
2030  1057.8  1057.8  1057.8  1057.8  1057.8  1057.8  1057.8  1057.8  1057.8  1057.8  1057.8  1057.8
2031  1063.6  1063.6  1063.6  1063.6  1063.6  1063.6  1063.6  1063.6  1063.6  1063.6  1063.6  1063.6
2032 1072.12 1072.12 1072.12 1072.12 1072.12 1072.12 1072.12 1072.12 1072.12 1072.12 1072.12 1072.12
2033 1076.89 1076.89 1076.89 1076.89 1076.89 1076.89 1076.89 1076.89 1076.89 1076.89 1076.89 1076.89
2034 1084.01 1084.01 1084.01 1084.01 1084.01 1084.01 1084.01 1084.01 1084.01 1084.01 1084.01 1084.01
2035 1092.89 1092.89 1092.89 1092.89 1092.89 1092.89 1092.89 1092.89 1092.89 1092.89 1092.89 1092.89
2036    1099    1099    1099    1099    1099    1099    1099    1099    1099    1099    1099    1099
2037 1105.76 1105.76 1105.76 1105.76 1105.76 1105.76 1105.76 1105.76 1105.76 1105.76 1105.76 1105.76
2038 1111.31 1111.31 1111.31 1111.31 1111.31 1111.31 1111.31 1111.31 1111.31 1111.31 1111.31 1111.31
2039 1116.85 1116.85 1116.85 1116.85 1116.85 1116.85 1116.85 1116.85 1116.85 1116.85 1116.85 1116.85
**** Fuel:    803 GAS (803)   
Year .....01 .....02 .....03 .....04 .....05 .....06 .....07 .....08 .....09 .....10 .....11 .....12
2025     978     978     978     978     978     978     978     978     978     978     978     978
2026 1034.19 1034.19 1034.19 1034.19 1034.19 1034.19 1034.19 1034.19 1034.19 1034.19 1034.19 1034.19
2027 1038.57 1038.57 1038.57 1038.57 1038.57 1038.57 1038.57 1038.57 1038.57 1038.57 1038.57 1038.57
2028  1044.5  1044.5  1044.5  1044.5  1044.5  1044.5  1044.5  1044.5  1044.5  1044.5  1044.5  1044.5
2029 1050.63 1050.63 1050.63 1050.63 1050.63 1050.63 1050.63 1050.63 1050.63 1050.63 1050.63 1050.63
2030  1057.8  1057.8  1057.8  1057.8  1057.8  1057.8  1057.8  1057.8  1057.8  1057.8  1057.8  1057.8
2031  1063.6  1063.6  1063.6  1063.6  1063.6  1063.6  1063.6  1063.6  1063.6  1063.6  1063.6  1063.6
2032 1072.12 1072.12 1072.12 1072.12 1072.12 1072.12 1072.12 1072.12 1072.12 1072.12 1072.12 1072.12
2033 1076.89 1076.89 1076.89 1076.89 1076.89 1076.89 1076.89 1076.89 1076.89 1076.89 1076.89 1076.89
2034 1084.01 1084.01 1084.01 1084.01 1084.01 1084.01 1084.01 1084.01 1084.01 1084.01 1084.01 1084.01
2035 1092.89 1092.89 1092.89 1092.89 1092.89 1092.89 1092.89 1092.89 1092.89 1092.89 1092.89 1092.89
2036    1099    1099    1099    1099    1099    1099    1099    1099    1099    1099    1099    1099
2037 1105.76 1105.76 1105.76 1105.76 1105.76 1105.76 1105.76 1105.76 1105.76 1105.76 1105.76 1105.76
2038 1111.31 1111.31 1111.31 1111.31 1111.31 1111.31 1111.31 1111.31 1111.31 1111.31 1111.31 1111.31
2039 1116.85 1116.85 1116.85 1116.85 1116.85 1116.85 1116.85 1116.85 1116.85 1116.85 1116.85 1116.85
**** Fuel:    804 GAS (804)   
Year .....01 .....02 .....03 .....04 .....05 .....06 .....07 .....08 .....09 .....10 .....11 .....12
2025     872     872     872     872     872     872     872     872     872     872     872     872
2026  921.75  921.75  921.75  921.75  921.75  921.75  921.75  921.75  921.75  921.75  921.75  921.75
2027  925.64  925.64  925.64  925.64  925.64  925.64  925.64  925.64  925.64  925.64  925.64  925.64
2028  930.89  930.89  930.89  930.89  930.89  930.89  930.89  930.89  930.89  930.89  930.89  930.89
2029  936.32  936.32  936.32  936.32  936.32  936.32  936.32  936.32  936.32  936.32  936.32  936.32
2030  942.67  942.67  942.67  942.67  942.67  942.67  942.67  942.67  942.67  942.67  942.67  942.67
2031  947.82  947.82  947.82  947.82  947.82  947.82  947.82  947.82  947.82  947.82  947.82  947.82
2032  955.37  955.37  955.37  955.37  955.37  955.37  955.37  955.37  955.37  955.37  955.37  955.37
2033   959.6   959.6   959.6   959.6   959.6   959.6   959.6   959.6   959.6   959.6   959.6   959.6
2034  965.91  965.91  965.91  965.91  965.91  965.91  965.91  965.91  965.91  965.91  965.91  965.91
2035  973.78  973.78  973.78  973.78  973.78  973.78  973.78  973.78  973.78  973.78  973.78  973.78
2036  979.19  979.19  979.19  979.19  979.19  979.19  979.19  979.19  979.19  979.19  979.19  979.19
2037  985.19  985.19  985.19  985.19  985.19  985.19  985.19  985.19  985.19  985.19  985.19  985.19
2038   990.1   990.1   990.1   990.1   990.1   990.1   990.1   990.1   990.1   990.1   990.1   990.1
2039  995.02  995.02  995.02  995.02  995.02  995.02  995.02  995.02  995.02  995.02  995.02  995.02
**** Fuel:    805 GAS (805)   
Year .....01 .....02 .....03 .....04 .....05 .....06 .....07 .....08 .....09 .....10 .....11 .....12
2025     990     990     990     990     990     990     990     990     990     990     990     990
2026 1046.67 1046.67 1046.67 1046.67 1046.67 1046.67 1046.67 1046.67 1046.67 1046.67 1046.67 1046.67
2027 1051.11 1051.11 1051.11 1051.11 1051.11 1051.11 1051.11 1051.11 1051.11 1051.11 1051.11 1051.11
2028 1057.12 1057.12 1057.12 1057.12 1057.12 1057.12 1057.12 1057.12 1057.12 1057.12 1057.12 1057.12
2029 1063.32 1063.32 1063.32 1063.32 1063.32 1063.32 1063.32 1063.32 1063.32 1063.32 1063.32 1063.32
2030 1070.58 1070.58 1070.58 1070.58 1070.58 1070.58 1070.58 1070.58 1070.58 1070.58 1070.58 1070.58
2031 1076.46 1076.46 1076.46 1076.46 1076.46 1076.46 1076.46 1076.46 1076.46 1076.46 1076.46 1076.46
2032 1085.08 1085.08 1085.08 1085.08 1085.08 1085.08 1085.08 1085.08 1085.08 1085.08 1085.08 1085.08
2033 1089.91 1089.91 1089.91 1089.91 1089.91 1089.91 1089.91 1089.91 1089.91 1089.91 1089.91 1089.91
2034 1097.12 1097.12 1097.12 1097.12 1097.12 1097.12 1097.12 1097.12 1097.12 1097.12 1097.12 1097.12
2035 1106.11 1106.11 1106.11 1106.11 1106.11 1106.11 1106.11 1106.11 1106.11 1106.11 1106.11 1106.11
2036  1112.3  1112.3  1112.3  1112.3  1112.3  1112.3  1112.3  1112.3  1112.3  1112.3  1112.3  1112.3
2037 1119.15 1119.15 1119.15 1119.15 1119.15 1119.15 1119.15 1119.15 1119.15 1119.15 1119.15 1119.15
2038 1124.76 1124.76 1124.76 1124.76 1124.76 1124.76 1124.76 1124.76 1124.76 1124.76 1124.76 1124.76
2039 1130.38 1130.38 1130.38 1130.38 1130.38 1130.38 1130.38 1130.38 1130.38 1130.38 1130.38 1130.38
**** Fuel:    806 GAS (806)   
Year .....01 .....02 .....03 .....04 .....05 .....06 .....07 .....08 .....09 .....10 .....11 .....12
2025     978     978     978     978     978     978     978     978     978     978     978     978
2026 1034.19 1034.19 1034.19 1034.19 1034.19 1034.19 1034.19 1034.19 1034.19 1034.19 1034.19 1034.19
2027 1038.57 1038.57 1038.57 1038.57 1038.57 1038.57 1038.57 1038.57 1038.57 1038.57 1038.57 1038.57
2028  1044.5  1044.5  1044.5  1044.5  1044.5  1044.5  1044.5  1044.5  1044.5  1044.5  1044.5  1044.5
2029 1050.63 1050.63 1050.63 1050.63 1050.63 1050.63 1050.63 1050.63 1050.63 1050.63 1050.63 1050.63
2030  1057.8  1057.8  1057.8  1057.8  1057.8  1057.8  1057.8  1057.8  1057.8  1057.8  1057.8  1057.8
2031  1063.6  1063.6  1063.6  1063.6  1063.6  1063.6  1063.6  1063.6  1063.6  1063.6  1063.6  1063.6
2032 1072.12 1072.12 1072.12 1072.12 1072.12 1072.12 1072.12 1072.12 1072.12 1072.12 1072.12 1072.12
2033 1076.89 1076.89 1076.89 1076.89 1076.89 1076.89 1076.89 1076.89 1076.89 1076.89 1076.89 1076.89
2034 1084.01 1084.01 1084.01 1084.01 1084.01 1084.01 1084.01 1084.01 1084.01 1084.01 1084.01 1084.01
2035 1092.89 1092.89 1092.89 1092.89 1092.89 1092.89 1092.89 1092.89 1092.89 1092.89 1092.89 1092.89
2036    1099    1099    1099    1099    1099    1099    1099    1099    1099    1099    1099    1099
2037 1105.76 1105.76 1105.76 1105.76 1105.76 1105.76 1105.76 1105.76 1105.76 1105.76 1105.76 1105.76
2038 1111.31 1111.31 1111.31 1111.31 1111.31 1111.31 1111.31 1111.31 1111.31 1111.31 1111.31 1111.31
2039 1116.85 1116.85 1116.85 1116.85 1116.85 1116.85 1116.85 1116.85 1116.85 1116.85 1116.85 1116.85
**** Fuel:    807 GAS (807)   
Year .....01 .....02 .....03 .....04 .....05 .....06 .....07 .....08 .....09 .....10 .....11 .....12
2025     978     978     978     978     978     978     978     978     978     978     978     978
2026 1034.19 1034.19 1034.19 1034.19 1034.19 1034.19 1034.19 1034.19 1034.19 1034.19 1034.19 1034.19
2027 1038.57 1038.57 1038.57 1038.57 1038.57 1038.57 1038.57 1038.57 1038.57 1038.57 1038.57 1038.57
2028  1044.5  1044.5  1044.5  1044.5  1044.5  1044.5  1044.5  1044.5  1044.5  1044.5  1044.5  1044.5
2029 1050.63 1050.63 1050.63 1050.63 1050.63 1050.63 1050.63 1050.63 1050.63 1050.63 1050.63 1050.63
2030  1057.8  1057.8  1057.8  1057.8  1057.8  1057.8  1057.8  1057.8  1057.8  1057.8  1057.8  1057.8
2031  1063.6  1063.6  1063.6  1063.6  1063.6  1063.6  1063.6  1063.6  1063.6  1063.6  1063.6  1063.6
2032 1072.12 1072.12 1072.12 1072.12 1072.12 1072.12 1072.12 1072.12 1072.12 1072.12 1072.12 1072.12
2033 1076.89 1076.89 1076.89 1076.89 1076.89 1076.89 1076.89 1076.89 1076.89 1076.89 1076.89 1076.89
2034 1084.01 1084.01 1084.01 1084.01 1084.01 1084.01 1084.01 1084.01 1084.01 1084.01 1084.01 1084.01
2035 1092.89 1092.89 1092.89 1092.89 1092.89 1092.89 1092.89 1092.89 1092.89 1092.89 1092.89 1092.89
2036    1099    1099    1099    1099    1099    1099    1099    1099    1099    1099    1099    1099
2037 1105.76 1105.76 1105.76 1105.76 1105.76 1105.76 1105.76 1105.76 1105.76 1105.76 1105.76 1105.76
2038 1111.31 1111.31 1111.31 1111.31 1111.31 1111.31 1111.31 1111.31 1111.31 1111.31 1111.31 1111.31
2039 1116.85 1116.85 1116.85 1116.85 1116.85 1116.85 1116.85 1116.85 1116.85 1116.85 1116.85 1116.85
**** Fuel:    808 GAS (808)   
Year .....01 .....02 .....03 .....04 .....05 .....06 .....07 .....08 .....09 .....10 .....11 .....12
2025     836     836     836     836     836     836     836     836     836     836     836     836
2026  883.62  883.62  883.62  883.62  883.62  883.62  883.62  883.62  883.62  883.62  883.62  883.62
2027  887.33  887.33  887.33  887.33  887.33  887.33  887.33  887.33  887.33  887.33  887.33  887.33
2028  892.36  892.36  892.36  892.36  892.36  892.36  892.36  892.36  892.36  892.36  892.36  892.36
2029  897.56  897.56  897.56  897.56  897.56  897.56  897.56  897.56  897.56  897.56  897.56  897.56
2030  903.63  903.63  903.63  903.63  903.63  903.63  903.63  903.63  903.63  903.63  903.63  903.63
2031  908.56  908.56  908.56  908.56  908.56  908.56  908.56  908.56  908.56  908.56  908.56  908.56
2032  915.77  915.77  915.77  915.77  915.77  915.77  915.77  915.77  915.77  915.77  915.77  915.77
2033  919.82  919.82  919.82  919.82  919.82  919.82  919.82  919.82  919.82  919.82  919.82  919.82
2034  925.85  925.85  925.85  925.85  925.85  925.85  925.85  925.85  925.85  925.85  925.85  925.85
2035  933.38  933.38  933.38  933.38  933.38  933.38  933.38  933.38  933.38  933.38  933.38  933.38
2036  938.56  938.56  938.56  938.56  938.56  938.56  938.56  938.56  938.56  938.56  938.56  938.56
2037   944.3   944.3   944.3   944.3   944.3   944.3   944.3   944.3   944.3   944.3   944.3   944.3
2038     949     949     949     949     949     949     949     949     949     949     949     949
2039   953.7   953.7   953.7   953.7   953.7   953.7   953.7   953.7   953.7   953.7   953.7   953.7
**** Fuel:    809 GAS (809)   
Year .....01 .....02 .....03 .....04 .....05 .....06 .....07 .....08 .....09 .....10 .....11 .....12
2025     854     854     854     854     854     854     854     854     854     854     854     854
2026  902.26  902.26  902.26  902.26  902.26  902.26  902.26  902.26  902.26  902.26  902.26  902.26
2027  906.06  906.06  906.06  906.06  906.06  906.06  906.06  906.06  906.06  906.06  906.06  906.06
2028   911.2   911.2   911.2   911.2   911.2   911.2   911.2   911.2   911.2   911.2   911.2   911.2
2029  916.51  916.51  916.51  916.51  916.51  916.51  916.51  916.51  916.51  916.51  916.51  916.51
2030  922.72  922.72  922.72  922.72  922.72  922.72  922.72  922.72  922.72  922.72  922.72  922.72
2031  927.75  927.75  927.75  927.75  927.75  927.75  927.75  927.75  927.75  927.75  927.75  927.75
2032  935.13  935.13  935.13  935.13  935.13  935.13  935.13  935.13  935.13  935.13  935.13  935.13
2033  939.26  939.26  939.26  939.26  939.26  939.26  939.26  939.26  939.26  939.26  939.26  939.26
2034  945.43  945.43  945.43  945.43  945.43  945.43  945.43  945.43  945.43  945.43  945.43  945.43
2035  953.13  953.13  953.13  953.13  953.13  953.13  953.13  953.13  953.13  953.13  953.13  953.13
2036  958.43  958.43  958.43  958.43  958.43  958.43  958.43  958.43  958.43  958.43  958.43  958.43
2037  964.29  964.29  964.29  964.29  964.29  964.29  964.29  964.29  964.29  964.29  964.29  964.29
2038  969.09  969.09  969.09  969.09  969.09  969.09  969.09  969.09  969.09  969.09  969.09  969.09
2039   973.9   973.9   973.9   973.9   973.9   973.9   973.9   973.9   973.9   973.9   973.9   973.9
