$version=1
!Num ...Nombre... #Uni Tipo .PotIns .GerMin .GerMax ..Teif. ..Ih... .CVaria .MR. Comb ...G1.. .CEsp.1 ...G2.. .CEsp.2 ...G3.. .CEsp.3 NAdF ...1 ...2 ...3 ComT CTransp StartUp sfal NGas NuCC ..NombreCC.. CoefE. CCTp FuVr FuVrLm ExcG
  12 CUIABA G CC     2    0   476.1       0   476.1    7.62 11.1859       0    0   12     100       1       0       0       0       0    0    0    0    0    0       0       0    0                             1    0    0      0     
   4 ST.CRUZ 34      2    0       0       0       0   24.25 37.8926       0    0    4     100       1       0       0       0       0    0    0    0    0    0       0       0    0                             1    0    0      0     
  86 ST.CRUZ NOV2    2    0     500       0     500    4.91 10.3587       0    0   86     100       1       0       0       0       0    0    0    0    0    0       0       0    0                             1    0    0      0     
  50 PIRAT.12 G      2    0       0       0       0    6.57 17.8564       0    0   50     100       1       0       0       0       0    0    0    0    0    0       0       0    0                             1    0    0      0     
 182 PALMEIRAS GO    1    0 140.448       0 140.448   63.73 66.8238       0    0  182     100       1       0       0       0       0    0    0    0    0    0       0       0    0                             1    0    0      0     
 334 W. ARJONA       5    0  177.12       0  177.12    6.22 32.8441       0    0  334     100       1       0       0       0       0    0    0    0    0    0       0       0    0                             1    0    0      0     
 171 NORTEFLU-1      1    0     400       0     400    1.92 4.84279       0    0  171     100       1       0       0       0       0    0    0    0    0    0       0       0    0                             1    0    0      0     
 172 NORTEFLU-2      1    0     100       0     100    1.92 4.84279       0    0  172     100       1       0       0       0       0    0    0    0    0    0       0       0    0                             1    0    0      0     
 173 NORTEFLU-3      1    0     200       0     200    1.92 4.84279       0    0  173     100       1       0       0       0       0    0    0    0    0    0       0       0    0                             1    0    0      0     
 174 NORTEFLU-4      1    0  126.78       0  126.78    1.92 4.84279       0    0  174     100       1       0       0       0       0    0    0    0    0    0       0       0    0                             1    0    0      0     
 229 ONCA PINTADA    1    0    47.5       0    47.5    2.21  5.5153       0    0  229     100       1       0       0       0       0    0    0    0    0    0       0       0    0                             1    0    0      0     
   1 ANGRA 1         1    0     640       0     640    2.14 11.4856       0    0    1     100       1       0       0       0       0    0    0    0    0    0       0       0    0                             1    0    0      0     
  13 ANGRA 2         1    0    1350       0    1350    2.78 17.4505       0    0   13     100       1       0       0       0       0    0    0    0    0    0       0       0    0                             1    0    0      0     
  15 LINHARES        1    0     204       0     204    2.16 3.74501       0    0   15     100       1       0       0       0       0    0    0    0    0    0       0       0    0                             1    0    0      0     
 257 LINHARES LRC    1    1     204       0     204    2.16 3.96026       0    0  257     100       1       0       0       0       0    0    0    0    0    0       0       0    0                             1    0    0      0     
 247 LINHARES PC2    1    0      36       0      36    1.87 3.03775       0    0  247     100       1       0       0       0       0    0    0    0    0    0       0       0    0                             1    0    0      0     
 251 POVOACAO 1 2    2    0   74.96       0   74.96    1.93 3.08722       0    0  251     100       1       0       0       0       0    0    0    0    0    0       0       0    0                             1    0    0      0     
  49 VIANA           4    1   174.6       0   174.6    1.66 2.17137       0    0   49     100       1       0       0       0       0    0    0    0    0    0       0       0    0                             1    0    0      0     
 253 VIANA 1    2    4    0   37.48       0   37.48    2.01 3.17608       0    0  253     100       1       0       0       0       0    0    0    0    0    0       0       0    0                             1    0    0      0     
 153 DAIA       2    1    0       0       0       0       0       0       0    0  153     100       1       0       0       0       0    0    0    0    0    0       0       0    0                             1    0    0      0     
 256 CIDADE LIVRO    1    1      80       0      80     2.5   7.375       0    0  256     100       1       0       0       0       0    0    0    0    0    0       0       0    0                             1    0    0      0     
 146 STA VITORIA     1    0  38.502       0  38.502    3.92 14.1429       0    0  146     100       1       0       0       0       0    0    0    0    0    0       0       0    0                             1    0    0      0     
 245 KARKEY 013 1    1    0  258.64       0  258.64    0.88  4.1807       0    0  245     100       1       0       0       0       0    0    0    0    0    0       0       0    0                             1    0    0      0     
 246 KARKEY 019 1    1    0  115.92       0  115.92    0.76  3.0326       0    0  246     100       1       0       0       0       0    0    0    0    0    0       0       0    0                             1    0    0      0     
 249 PORSUD I   1    1    0  115.92       0  115.92    0.81 3.92457       0    0  249     100       1       0       0       0       0    0    0    0    0    0       0       0    0                             1    0    0      0     
 250 PORSUD II  2    1    0   78.32       0   78.32    0.82  4.8963       0    0  250     100       1       0       0       0       0    0    0    0    0    0       0       0    0                             1    0    0      0     
 211 BAIXADA FLU2    2    0     530       0     530    7.78 12.6031       0    0  211     100       1       0       0       0       0    0    0    0    0    0       0       0    0                             1    0    0      0     
  97 CUBATAO         2    0 186.624       0 186.624    8.65 19.0182       0    0   97     100       1       0       0       0       0    0    0    0    0    0       0       0    0                             1    0    0      0     
  63 IBIRITE         2    0     235       0     235    2.16  7.4825       0    0   63     100       1       0       0       0       0    0    0    0    0    0       0       0    0                             1    0    0      0     
  54 JUIZ DE FOR2    2    0   87.05       0   87.05    6.72 11.2348       0    0   54     100       1       0       0       0       0    0    0    0    0    0       0       0    0                             1    0    0      0     
 110 N.PIRATININ2    2    0  386.38       0  386.38    4.19 18.7723       0    0  110     100       1       0       0       0       0    0    0    0    0    0       0       0    0                             1    0    0      0     
  62 SEROPEDICA 1    2    0     360       0     360    9.79 13.0736       0    0   62     100       1       0       0       0       0    0    0    0    0    0       0       0    0                             1    0    0      0     
  90 TERMOMACAE 2    2    0     923       0     923    8.07 13.1997       0    0   90     100       1       0       0       0       0    0    0    0    0    0       0       0    0                             1    0    0      0     
  47 TERMORIO        9    1 989.193       0 989.193   10.04  14.484       0    0   47     100       1       0       0       0       0    0    0    0    0    0       0       0    0                             1    0    0      0     
  68 TRES LAGOAS1    2    0     350       0     350   11.26 14.8717       0    0   68     100       1       0       0       0       0    0    0    0    0    0       0       0    0                             1    0    0      0     
 137 GNA I           2    0    1338       0    1338    5.38 8.10506       0    0  137     100       1       0       0       0       0    0    0    0    0    0       0       0    0                             1    0    0      0     
 238 GNA II          2    1  1672.6       0  1672.6     2.5 4.44999       0    0  238     100       1       0       0       0       0    0    0    0    0    0       0       0    0                             1    0    0      0     
 236 MARLIM AZUL     1    0   565.5       0   565.5       5   9.674       0    0  236     100       1       0       0       0       0    0    0    0    0    0       0       0    0                             1    0    0      0     
 248 PAULINIA VE2    1    0   15.95       0   15.95    1.63 2.27925       0    0  248     100       1       0       0       0       0    0    0    0    0    0       0       0    0                             1    0    0      0     
 183 DO ATLANTICO    3    0     490       0     490    1.37 7.39629       0    0  183     100       1       0       0       0       0    0    0    0    0    0       0       0    0                             1    0    0      0     
 108 XAVANTES   2    1    0       0       0       0    0.31 .658911       0    0  108     100       1       0       0       0       0    0    0    0    0    0       0       0    0                             1    0    0      0     
  44 ANGRA 3         1    1    1405       0    1405       2  8.7032       0    0   44     100       1       0       0       0       0    0    0    0    0    0       0       0    0                             1    0    0      0     
 760 SEROPEDICA 2    2    1     360       0     360    9.79 13.0736       0    0  760     100       1       0       0       0       0    0    0    0    0    0       0       0    0                             1    0    0      0     
 761 TRES LAGOAS2    2    1     350       0     350   11.26 14.8717       0    0  761     100       1       0       0       0       0    0    0    0    0    0       0       0    0                             1    0    0      0     
 769 JUIZ DE FOR1    2    1   87.05       0   87.05    6.72 11.2348       0    0  769     100       1       0       0       0       0    0    0    0    0    0       0       0    0                             1    0    0      0     
 772 NORTEFLU        4    1  826.78       0  826.78    1.92 4.84279       0    0  772     100       1       0       0       0       0    0    0    0    0    0       0       0    0                             1    0    0      0     
 774 N.PIRATININ1    2    1  386.38       0  386.38    4.19 18.7723       0    0  774     100       1       0       0       0       0    0    0    0    0    0       0       0    0                             1    0    0      0     
 775 ST.CRUZ NOV1    2    1     500       0     500    4.91 10.3587       0    0  775     100       1       0       0       0       0    0    0    0    0    0       0       0    0                             1    0    0      0     
 776 BAIXADA FLU1    2    1     530       0     530    7.78 12.6031       0    0  776     100       1       0       0       0       0    0    0    0    0    0       0       0    0                             1    0    0      0     
 791 DAIA       1    1    1   44.44       0   44.44       0       0       0    0  791     100       1       0       0       0       0    0    0    0    0    0       0       0    0                             1    0    0      0     
 795 XAVANTES   1    1    1   53.58       0   53.58    0.31 .658911       0    0  795     100       1       0       0       0       0    0    0    0    0    0       0       0    0                             1    0    0      0     
 801 TERMOMACAE 1    2    1     923       0     923    8.07 13.1997       0    0  801     100       1       0       0       0       0    0    0    0    0    0       0       0    0                             1    0    0      0     
 802 KARKEY 013 2    1    1  258.64       0  258.64    0.88  4.1807       0    0  802     100       1       0       0       0       0    0    0    0    0    0       0       0    0                             1    0    0      0     
 803 KARKEY 019 2    1    1  115.92       0  115.92    0.76  3.0326       0    0  803     100       1       0       0       0       0    0    0    0    0    0       0       0    0                             1    0    0      0     
 804 LINHARES PC1    1    1      36       0      36    1.87 3.03775       0    0  804     100       1       0       0       0       0    0    0    0    0    0       0       0    0                             1    0    0      0     
 805 PAULINIA VE1    1    1   15.95       0   15.95    1.63 2.27925       0    0  805     100       1       0       0       0       0    0    0    0    0    0       0       0    0                             1    0    0      0     
 806 PORSUD I   2    1    1  115.92       0  115.92    0.81 3.92457       0    0  806     100       1       0       0       0       0    0    0    0    0    0       0       0    0                             1    0    0      0     
 807 PORSUD II  1    1    1   78.32       0   78.32    0.82  4.8963       0    0  807     100       1       0       0       0       0    0    0    0    0    0       0       0    0                             1    0    0      0     
 808 POVOACAO 1 1    2    1   74.96       0   74.96    1.93 3.08722       0    0  808     100       1       0       0       0       0    0    0    0    0    0       0       0    0                             1    0    0      0     
 809 VIANA 1    1    4    1   37.48       0   37.48    2.01 3.17608       0    0  809     100       1       0       0       0       0    0    0    0    0    0       0       0    0                             1    0    0      0     
 812 CAV-2374        1    1     385       0       0       5    9.75       0    0  551     100       1       0       0       0       0    0    0    0    0    0       0       0    0                             1    0    0      0     
 813 CAV-1229        1    1     385       0       0       5    9.75       0    0  551     100       1       0       0       0       0    0    0    0    0    0       0       0    0                             1    0    0      0     
 814 CAV-42559       1    1     385       0       0       5    9.75       0    0  551     100       1       0       0       0       0    0    0    0    0    0       0       0    0                             1    0    0      0     
 815 CAV-1022        1    1     385       0       0       5    9.75       0    0  551     100       1       0       0       0       0    0    0    0    0    0       0       0    0                             1    0    0      0     
 816 CAV-2366        1    1     385       0       0       5    9.75       0    0  551     100       1       0       0       0       0    0    0    0    0    0       0       0    0                             1    0    0      0     
 817 CAV-8598        1    1     385       0       0       5    9.75       0    0  551     100       1       0       0       0       0    0    0    0    0    0       0       0    0                             1    0    0      0     
 818 CAV-27591       1    1     385       0       0       5    9.75       0    0  551     100       1       0       0       0       0    0    0    0    0    0       0       0    0                             1    0    0      0     
 819 CAV-27411       1    1     385       0       0       5    9.75       0    0  551     100       1       0       0       0       0    0    0    0    0    0       0       0    0                             1    0    0      0     
 820 CAV-49057       1    1     385       0       0       5    9.75       0    0  551     100       1       0       0       0       0    0    0    0    0    0       0       0    0                             1    0    0      0     
 821 CAV-25728       1    1     385       0       0       5    9.75       0    0  551     100       1       0       0       0       0    0    0    0    0    0       0       0    0                             1    0    0      0     
 822 CAV-49053       1    1     385       0       0       5    9.75       0    0  551     100       1       0       0       0       0    0    0    0    0    0       0       0    0                             1    0    0      0     
 833 GFSE-38954      1    1 9167.73       0       0     2.5 4.93749       0    0  507     100       1       0       0       0       0    0    0    0    0    0       0       0    0                             1    0    0      0     
 834 GFSE-39511      1    1 9167.73       0       0     2.5 4.93749       0    0  507     100       1       0       0       0       0    0    0    0    0    0       0       0    0                             1    0    0      0     
 835 GFSE-3784       1    1 9167.73       0       0     2.5 4.93749       0    0  507     100       1       0       0       0       0    0    0    0    0    0       0       0    0                             1    0    0      0     
 836 GFSE-3781       1    1 9167.73       0       0     2.5 4.93749       0    0  507     100       1       0       0       0       0    0    0    0    0    0       0       0    0                             1    0    0      0     
 837 GFSE-41173      1    1 9167.73       0       0     2.5 4.93749       0    0  507     100       1       0       0       0       0    0    0    0    0    0       0       0    0                             1    0    0      0     
 838 GFSE-38952      1    1 9167.73       0       0     2.5 4.93749       0    0  507     100       1       0       0       0       0    0    0    0    0    0       0       0    0                             1    0    0      0     
 850 GISE-38954      1    1    4500       0       0     2.5 4.93749       0    0  509     100       1       0       0       0       0    0    0    0    0    0       0       0    0                             1    0    0      0     
 851 GISE-3748       1    1    4500       0       0     2.5 4.93749       0    0  509     100       1       0       0       0       0    0    0    0    0    0       0       0    0                             1    0    0      0     
 852 GISE-39511      1    1    4500       0       0     2.5 4.93749       0    0  509     100       1       0       0       0       0    0    0    0    0    0       0       0    0                             1    0    0      0     
 853 GISE-3784       1    1    4500       0       0     2.5 4.93749       0    0  509     100       1       0       0       0       0    0    0    0    0    0       0       0    0                             1    0    0      0     
 854 GISE-2948       1    1    4500       0       0     2.5 4.93749       0    0  509     100       1       0       0       0       0    0    0    0    0    0       0       0    0                             1    0    0      0     
 855 GISE-38952      1    1    4500       0       0     2.5 4.93749       0    0  509     100       1       0       0       0       0    0    0    0    0    0       0       0    0                             1    0    0      0     
 859 RCSE-41139      1    1  700.76       0       0       0       0       0    0  574     100       1       0       0       0       0    0    0    0    0    0       0       0    0                             1    0    0      0     
 860 RCSE-1752       1    1  700.76       0       0       0       0       0    0  574     100       1       0       0       0       0    0    0    0    0    0       0       0    0                             1    0    0      0     
 861 RCSE-4471       1    1  700.76       0       0       0       0       0    0  574     100       1       0       0       0       0    0    0    0    0    0       0       0    0                             1    0    0      0     
 862 RCSE-1673       1    1  700.76       0       0       0       0       0    0  574     100       1       0       0       0       0    0    0    0    0    0       0       0    0                             1    0    0      0     
 863 RCSE-38931      1    1  700.76       0       0       0       0       0    0  574     100       1       0       0       0       0    0    0    0    0    0       0       0    0                             1    0    0      0     
 864 RCSE-4472       1    1  700.76       0       0       0       0       0    0  574     100       1       0       0       0       0    0    0    0    0    0       0       0    0                             1    0    0      0     
 865 RCSE-27157      1    1  700.76       0       0       0       0       0    0  574     100       1       0       0       0       0    0    0    0    0    0       0       0    0                             1    0    0      0     
 866 RCSE-1825       1    1  700.76       0       0       0       0       0    0  574     100       1       0       0       0       0    0    0    0    0    0       0       0    0                             1    0    0      0     
 867 RCSE-27548      1    1  700.76       0       0       0       0       0    0  574     100       1       0       0       0       0    0    0    0    0    0       0       0    0                             1    0    0      0     
 868 RCSE-40672      1    1  700.76       0       0       0       0       0    0  574     100       1       0       0       0       0    0    0    0    0    0       0       0    0                             1    0    0      0     
 869 RCSE-3343       1    1  700.76       0       0       0       0       0    0  574     100       1       0       0       0       0    0    0    0    0    0       0       0    0                             1    0    0      0     
 870 RCSE-1065       1    1  700.76       0       0       0       0       0    0  574     100       1       0       0       0       0    0    0    0    0    0       0       0    0                             1    0    0      0     
 871 RCSE-3332       1    1  700.76       0       0       0       0       0    0  574     100       1       0       0       0       0    0    0    0    0    0       0       0    0                             1    0    0      0     
 872 RCSE-1067       1    1  700.76       0       0       0       0       0    0  574     100       1       0       0       0       0    0    0    0    0    0       0       0    0                             1    0    0      0     
 873 RCSE-3341       1    1  700.76       0       0       0       0       0    0  574     100       1       0       0       0       0    0    0    0    0    0       0       0    0                             1    0    0      0     
 874 RCSE-3353       1    1  700.76       0       0       0       0       0    0  574     100       1       0       0       0       0    0    0    0    0    0       0       0    0                             1    0    0      0     
 875 RCSE-3342       1    1  700.76       0       0       0       0       0    0  574     100       1       0       0       0       0    0    0    0    0    0       0       0    0                             1    0    0      0     
 876 RCSE-3339       1    1  700.76       0       0       0       0       0    0  574     100       1       0       0       0       0    0    0    0    0    0       0       0    0                             1    0    0      0     
 877 RCSE-3351       1    1  700.76       0       0       0       0       0    0  574     100       1       0       0       0       0    0    0    0    0    0       0       0    0                             1    0    0      0     
 878 RCSE-3331       1    1  700.76       0       0       0       0       0    0  574     100       1       0       0       0       0    0    0    0    0    0       0       0    0                             1    0    0      0     
 889 RSSE-41139      1    1  1333.7       0       0       0       0       0    0  570     100       1       0       0       0       0    0    0    0    0    0       0       0    0                             1    0    0      0     
 890 RSSE-1752       1    1  1333.7       0       0       0       0       0    0  570     100       1       0       0       0       0    0    0    0    0    0       0       0    0                             1    0    0      0     
 891 RSSE-4471       1    1  1333.7       0       0       0       0       0    0  570     100       1       0       0       0       0    0    0    0    0    0       0       0    0                             1    0    0      0     
 892 RSSE-1673       1    1  1333.7       0       0       0       0       0    0  570     100       1       0       0       0       0    0    0    0    0    0       0       0    0                             1    0    0      0     
 893 RSSE-38931      1    1  1333.7       0       0       0       0       0    0  570     100       1       0       0       0       0    0    0    0    0    0       0       0    0                             1    0    0      0     
 894 RSSE-4472       1    1  1333.7       0       0       0       0       0    0  570     100       1       0       0       0       0    0    0    0    0    0       0       0    0                             1    0    0      0     
 895 RSSE-27157      1    1  1333.7       0       0       0       0       0    0  570     100       1       0       0       0       0    0    0    0    0    0       0       0    0                             1    0    0      0     
 896 RSSE-1825       1    1  1333.7       0       0       0       0       0    0  570     100       1       0       0       0       0    0    0    0    0    0       0       0    0                             1    0    0      0     
 897 RSSE-27548      1    1  1333.7       0       0       0       0       0    0  570     100       1       0       0       0       0    0    0    0    0    0       0       0    0                             1    0    0      0     
 898 RSSE-40672      1    1  1333.7       0       0       0       0       0    0  570     100       1       0       0       0       0    0    0    0    0    0       0       0    0                             1    0    0      0     
 899 RSSE-3343       1    1  1333.7       0       0       0       0       0    0  570     100       1       0       0       0       0    0    0    0    0    0       0       0    0                             1    0    0      0     
 900 RSSE-1065       1    1  1333.7       0       0       0       0       0    0  570     100       1       0       0       0       0    0    0    0    0    0       0       0    0                             1    0    0      0     
 901 RSSE-3332       1    1  1333.7       0       0       0       0       0    0  570     100       1       0       0       0       0    0    0    0    0    0       0       0    0                             1    0    0      0     
 902 RSSE-1067       1    1  1333.7       0       0       0       0       0    0  570     100       1       0       0       0       0    0    0    0    0    0       0       0    0                             1    0    0      0     
 903 RSSE-3341       1    1  1333.7       0       0       0       0       0    0  570     100       1       0       0       0       0    0    0    0    0    0       0       0    0                             1    0    0      0     
 904 RSSE-3353       1    1  1333.7       0       0       0       0       0    0  570     100       1       0       0       0       0    0    0    0    0    0       0       0    0                             1    0    0      0     
 905 RSSE-3342       1    1  1333.7       0       0       0       0       0    0  570     100       1       0       0       0       0    0    0    0    0    0       0       0    0                             1    0    0      0     
 906 RSSE-3339       1    1  1333.7       0       0       0       0       0    0  570     100       1       0       0       0       0    0    0    0    0    0       0       0    0                             1    0    0      0     
 907 RSSE-3351       1    1  1333.7       0       0       0       0       0    0  570     100       1       0       0       0       0    0    0    0    0    0       0       0    0                             1    0    0      0     
 908 RSSE-3331       1    1  1333.7       0       0       0       0       0    0  570     100       1       0       0       0       0    0    0    0    0    0       0       0    0                             1    0    0      0     
