**** Planta:   10 PARANA       Penal:      3.79751  2
A~no ......1 ......2 ......3 ......4 ......5 ......6 ......7 ......8 ......9 .....10 .....11 .....12
2025      20      20      20      20      20      20      20      20      20      20      20      20
2026      20      20      20      20      20      20      20      20      20      20      20      20
2027      20      20      20      20      20      20      20      20      20      20      20      20
2028      20      20      20      20      20      20      20      20      20      20      20      20
2029      20      20      20      20      20      20      20      20      20      20      20      20
2030      20      20      20      20      20      20      20      20      20      20      20      20
2031      20      20      20      20      20      20      20      20      20      20      20      20
2032      20      20      20      20      20      20      20      20      20      20      20      20
2033      20      20      20      20      20      20      20      20      20      20      20      20
2034      20      20      20      20      20      20      20      20      20      20      20      20
2035      20      20      20      20      20      20      20      20      20      20      20      20
2036      20      20      20      20      20      20      20      20      20      20      20      20
2037      20      20      20      20      20      20      20      20      20      20      20      20
2038      20      20      20      20      20      20      20      20      20      20      20      20
2039      20      20      20      20      20      20      20      20      20      20      20      20
**** Planta:   12 PARANANEMA   Penal:      3.79751  2
A~no ......1 ......2 ......3 ......4 ......5 ......6 ......7 ......8 ......9 .....10 .....11 .....12
2025      20      20      20      20      20      20      20      20      20      20      20      20
2026      20      20      20      20      20      20      20      20      20      20      20      20
2027      20      20      20      20      20      20      20      20      20      20      20      20
2028      20      20      20      20      20      20      20      20      20      20      20      20
2029      20      20      20      20      20      20      20      20      20      20      20      20
2030      20      20      20      20      20      20      20      20      20      20      20      20
2031      20      20      20      20      20      20      20      20      20      20      20      20
2032      20      20      20      20      20      20      20      20      20      20      20      20
2033      20      20      20      20      20      20      20      20      20      20      20      20
2034      20      20      20      20      20      20      20      20      20      20      20      20
2035      20      20      20      20      20      20      20      20      20      20      20      20
2036      20      20      20      20      20      20      20      20      20      20      20      20
2037      20      20      20      20      20      20      20      20      20      20      20      20
2038      20      20      20      20      20      20      20      20      20      20      20      20
2039      20      20      20      20      20      20      20      20      20      20      20      20
**** Planta:    1 SUDESTE      Penal:      3.79751  2
A~no ......1 ......2 ......3 ......4 ......5 ......6 ......7 ......8 ......9 .....10 .....11 .....12
2025      20      20      20      20      20      20      20      20      20      20      20      20
2026      20      20      20      20      20      20      20      20      20      20      20      20
2027      20      20      20      20      20      20      20      20      20      20      20      20
2028      20      20      20      20      20      20      20      20      20      20      20      20
2029      20      20      20      20      20      20      20      20      20      20      20      20
2030      20      20      20      20      20      20      20      20      20      20      20      20
2031      20      20      20      20      20      20      20      20      20      20      20      20
2032      20      20      20      20      20      20      20      20      20      20      20      20
2033      20      20      20      20      20      20      20      20      20      20      20      20
2034      20      20      20      20      20      20      20      20      20      20      20      20
2035      20      20      20      20      20      20      20      20      20      20      20      20
2036      20      20      20      20      20      20      20      20      20      20      20      20
2037      20      20      20      20      20      20      20      20      20      20      20      20
2038      20      20      20      20      20      20      20      20      20      20      20      20
2039      20      20      20      20      20      20      20      20      20      20      20      20
**** Planta:    2 SUL          Penal:      3.79751  2
A~no ......1 ......2 ......3 ......4 ......5 ......6 ......7 ......8 ......9 .....10 .....11 .....12
2025      30      30      30      30      30      30      30      30      30      30      30      30
2026      30      30      30      30      30      30      30      30      30      30      30      30
2027      30      30      30      30      30      30      30      30      30      30      30      30
2028      30      30      30      30      30      30      30      30      30      30      30      30
2029      30      30      30      30      30      30      30      30      30      30      30      30
2030      30      30      30      30      30      30      30      30      30      30      30      30
2031      30      30      30      30      30      30      30      30      30      30      30      30
2032      30      30      30      30      30      30      30      30      30      30      30      30
2033      30      30      30      30      30      30      30      30      30      30      30      30
2034      30      30      30      30      30      30      30      30      30      30      30      30
2035      30      30      30      30      30      30      30      30      30      30      30      30
2036      30      30      30      30      30      30      30      30      30      30      30      30
2037      30      30      30      30      30      30      30      30      30      30      30      30
2038      30      30      30      30      30      30      30      30      30      30      30      30
2039      30      30      30      30      30      30      30      30      30      30      30      30
**** Planta:   11 IGUACU       Penal:      3.79751  2
A~no ......1 ......2 ......3 ......4 ......5 ......6 ......7 ......8 ......9 .....10 .....11 .....12
2025      30      30      30      30      30      30      30      30      30      30      30      30
2026      30      30      30      30      30      30      30      30      30      30      30      30
2027      30      30      30      30      30      30      30      30      30      30      30      30
2028      30      30      30      30      30      30      30      30      30      30      30      30
2029      30      30      30      30      30      30      30      30      30      30      30      30
2030      30      30      30      30      30      30      30      30      30      30      30      30
2031      30      30      30      30      30      30      30      30      30      30      30      30
2032      30      30      30      30      30      30      30      30      30      30      30      30
2033      30      30      30      30      30      30      30      30      30      30      30      30
2034      30      30      30      30      30      30      30      30      30      30      30      30
2035      30      30      30      30      30      30      30      30      30      30      30      30
2036      30      30      30      30      30      30      30      30      30      30      30      30
2037      30      30      30      30      30      30      30      30      30      30      30      30
2038      30      30      30      30      30      30      30      30      30      30      30      30
2039      30      30      30      30      30      30      30      30      30      30      30      30
**** Planta:    3 NORDESTE     Penal:      3.79751  2
A~no ......1 ......2 ......3 ......4 ......5 ......6 ......7 ......8 ......9 .....10 .....11 .....12
2025    23.3    23.3    23.3    23.3    23.3    23.3    23.3    23.3    23.3    23.3    23.3    23.3
2026    23.3    23.3    23.3    23.3    23.3    23.3    23.3    23.3    23.3    23.3    23.3    23.3
2027    23.3    23.3    23.3    23.3    23.3    23.3    23.3    23.3    23.3    23.3    23.3    23.3
2028    23.3    23.3    23.3    23.3    23.3    23.3    23.3    23.3    23.3    23.3    23.3    23.3
2029    23.3    23.3    23.3    23.3    23.3    23.3    23.3    23.3    23.3    23.3    23.3    23.3
2030    23.3    23.3    23.3    23.3    23.3    23.3    23.3    23.3    23.3    23.3    23.3    23.3
2031    23.3    23.3    23.3    23.3    23.3    23.3    23.3    23.3    23.3    23.3    23.3    23.3
2032    23.3    23.3    23.3    23.3    23.3    23.3    23.3    23.3    23.3    23.3    23.3    23.3
2033    23.3    23.3    23.3    23.3    23.3    23.3    23.3    23.3    23.3    23.3    23.3    23.3
2034    23.3    23.3    23.3    23.3    23.3    23.3    23.3    23.3    23.3    23.3    23.3    23.3
2035    23.3    23.3    23.3    23.3    23.3    23.3    23.3    23.3    23.3    23.3    23.3    23.3
2036    23.3    23.3    23.3    23.3    23.3    23.3    23.3    23.3    23.3    23.3    23.3    23.3
2037    23.3    23.3    23.3    23.3    23.3    23.3    23.3    23.3    23.3    23.3    23.3    23.3
2038    23.3    23.3    23.3    23.3    23.3    23.3    23.3    23.3    23.3    23.3    23.3    23.3
2039    23.3    23.3    23.3    23.3    23.3    23.3    23.3    23.3    23.3    23.3    23.3    23.3
**** Planta:    4 NORTE        Penal:      3.79751  2
A~no ......1 ......2 ......3 ......4 ......5 ......6 ......7 ......8 ......9 .....10 .....11 .....12
2025    19.1    19.1    19.1    19.1    19.1    19.1    19.1    19.1    19.1    19.1    19.1    19.1
2026    19.1    19.1    19.1    19.1    19.1    19.1    19.1    19.1    19.1    19.1    19.1    19.1
2027    19.1    19.1    19.1    19.1    19.1    19.1    19.1    19.1    19.1    19.1    19.1    19.1
2028    19.1    19.1    19.1    19.1    19.1    19.1    19.1    19.1    19.1    19.1    19.1    19.1
2029    19.1    19.1    19.1    19.1    19.1    19.1    19.1    19.1    19.1    19.1    19.1    19.1
2030    19.1    19.1    19.1    19.1    19.1    19.1    19.1    19.1    19.1    19.1    19.1    19.1
2031    19.1    19.1    19.1    19.1    19.1    19.1    19.1    19.1    19.1    19.1    19.1    19.1
2032    19.1    19.1    19.1    19.1    19.1    19.1    19.1    19.1    19.1    19.1    19.1    19.1
2033    19.1    19.1    19.1    19.1    19.1    19.1    19.1    19.1    19.1    19.1    19.1    19.1
2034    19.1    19.1    19.1    19.1    19.1    19.1    19.1    19.1    19.1    19.1    19.1    19.1
2035    19.1    19.1    19.1    19.1    19.1    19.1    19.1    19.1    19.1    19.1    19.1    19.1
2036    19.1    19.1    19.1    19.1    19.1    19.1    19.1    19.1    19.1    19.1    19.1    19.1
2037    19.1    19.1    19.1    19.1    19.1    19.1    19.1    19.1    19.1    19.1    19.1    19.1
2038    19.1    19.1    19.1    19.1    19.1    19.1    19.1    19.1    19.1    19.1    19.1    19.1
2039    19.1    19.1    19.1    19.1    19.1    19.1    19.1    19.1    19.1    19.1    19.1    19.1
