**** Planta:   57 MAUA         Penal:    599.53776
A~no ......1 ......2 ......3 ......4 ......5 ......6 ......7 ......8 ......9 .....10 .....11 .....12
2025      88      61      60      60      60      60      60      61      62      60      60      60
2026      88      61      60      60      60      60      60      61      62      60      60      60
2027      88      61      60      60      60      60      60      61      62      60      60      60
2028      88      61      60      60      60      60      60      61      62      60      60      60
2029      88      61      60      60      60      60      60      61      62      60      60      60
2030      88      61      60      60      60      60      60      61      62      60      60      60
2031      88      61      60      60      60      60      60      61      62      60      60      60
2032      88      61      60      60      60      60      60      61      62      60      60      60
2033      88      61      60      60      60      60      60      61      62      60      60      60
2034      88      61      60      60      60      60      60      61      62      60      60      60
2035      88      61      60      60      60      60      60      61      62      60      60      60
2036      88      61      60      60      60      60      60      61      62      60      60      60
2037      88      61      60      60      60      60      60      61      62      60      60      60
2038      88      61      60      60      60      60      60      61      62      60      60      60
2039      88      61      60      60      60      60      60      61      62      60      60      60
**** Planta:   71 STA CLARA PR Penal:          200
A~no ......1 ......2 ......3 ......4 ......5 ......6 ......7 ......8 ......9 .....10 .....11 .....12
2025       2       0       0       0       0       0       0       0       0       0       3       0
2026       2       0       0       0       0       0       0       0       0       0       3       0
2027       2       0       0       0       0       0       0       0       0       0       3       0
2028       2       0       0       0       0       0       0       0       0       0       3       0
2029       2       0       0       0       0       0       0       0       0       0       3       0
2030       2       0       0       0       0       0       0       0       0       0       3       0
2031       2       0       0       0       0       0       0       0       0       0       3       0
2032       2       0       0       0       0       0       0       0       0       0       3       0
2033       2       0       0       0       0       0       0       0       0       0       3       0
2034       2       0       0       0       0       0       0       0       0       0       3       0
2035       2       0       0       0       0       0       0       0       0       0       3       0
2036       2       0       0       0       0       0       0       0       0       0       3       0
2037       2       0       0       0       0       0       0       0       0       0       3       0
2038       2       0       0       0       0       0       0       0       0       0       3       0
2039       2       0       0       0       0       0       0       0       0       0       3       0
**** Planta:   72 FUNDAO       Penal:          200
A~no ......1 ......2 ......3 ......4 ......5 ......6 ......7 ......8 ......9 .....10 .....11 .....12
2025       1       0       0       0       0       0       0       0       0       0       3       4
2026       1       0       0       0       0       0       0       0       0       0       3       4
2027       1       0       0       0       0       0       0       0       0       0       3       4
2028       1       0       0       0       0       0       0       0       0       0       3       4
2029       1       0       0       0       0       0       0       0       0       0       3       4
2030       1       0       0       0       0       0       0       0       0       0       3       4
2031       1       0       0       0       0       0       0       0       0       0       3       4
2032       1       0       0       0       0       0       0       0       0       0       3       4
2033       1       0       0       0       0       0       0       0       0       0       3       4
2034       1       0       0       0       0       0       0       0       0       0       3       4
2035       1       0       0       0       0       0       0       0       0       0       3       4
2036       1       0       0       0       0       0       0       0       0       0       3       4
2037       1       0       0       0       0       0       0       0       0       0       3       4
2038       1       0       0       0       0       0       0       0       0       0       3       4
2039       1       0       0       0       0       0       0       0       0       0       3       4
**** Planta:   73 JORDAO       Penal:          200
A~no ......1 ......2 ......3 ......4 ......5 ......6 ......7 ......8 ......9 .....10 .....11 .....12
2025      10      10      10      10      10      10      11      10      10      10      10      10
2026      10      10      10      10      10      10      11      10      10      10      10      10
2027      10      10      10      10      10      10      11      10      10      10      10      10
2028      10      10      10      10      10      10      11      10      10      10      10      10
2029      10      10      10      10      10      10      11      10      10      10      10      10
2030      10      10      10      10      10      10      11      10      10      10      10      10
2031      10      10      10      10      10      10      11      10      10      10      10      10
2032      10      10      10      10      10      10      11      10      10      10      10      10
2033      10      10      10      10      10      10      11      10      10      10      10      10
2034      10      10      10      10      10      10      11      10      10      10      10      10
2035      10      10      10      10      10      10      11      10      10      10      10      10
2036      10      10      10      10      10      10      11      10      10      10      10      10
2037      10      10      10      10      10      10      11      10      10      10      10      10
2038      10      10      10      10      10      10      11      10      10      10      10      10
2039      10      10      10      10      10      10      11      10      10      10      10      10
**** Planta:   74 G. B. MUNHOZ Penal:          200
A~no ......1 ......2 ......3 ......4 ......5 ......6 ......7 ......8 ......9 .....10 .....11 .....12
2025       0       0       0       0       0       0       0       0       0       0       0       0
2026       0       0       0       0       0       0       0       0       0       0       0       0
2027       0       0       0       0       0       0       0       0       0       0       0       0
2028       0       0       0       0       0       0       0       0       0       0       0       0
2029       0       0       0       0       0       0       0       0       0       0       0       0
2030       0       0       0       0       0       0       0       0       0       0       0       0
2031       0       0       0       0       0       0       0       0       0       0       0       0
2032       0       0       0       0       0       0       0       0       0       0       0       0
2033       0       0       0       0       0       0       0       0       0       0       0       0
2034       0       0       0       0       0       0       0       0       0       0       0       0
2035       0       0       0       0       0       0       0       0       0       0       0       0
2036       0       0       0       0       0       0       0       0       0       0       0       0
2037       0       0       0       0       0       0       0       0       0       0       0       0
2038       0       0       0       0       0       0       0       0       0       0       0       0
2039       0       0       0       0       0       0       0       0       0       0       0       0
**** Planta:   76 SEGREDO      Penal:          200
A~no ......1 ......2 ......3 ......4 ......5 ......6 ......7 ......8 ......9 .....10 .....11 .....12
2025       0       0       0       0       1       0      58       0       0       0       0       0
2026       0       0       0       0       1       0      58       0       0       0       0       0
2027       0       0       0       0       1       0      58       0       0       0       0       0
2028       0       0       0       0       1       0      58       0       0       0       0       0
2029       0       0       0       0       1       0      58       0       0       0       0       0
2030       0       0       0       0       1       0      58       0       0       0       0       0
2031       0       0       0       0       1       0      58       0       0       0       0       0
2032       0       0       0       0       1       0      58       0       0       0       0       0
2033       0       0       0       0       1       0      58       0       0       0       0       0
2034       0       0       0       0       1       0      58       0       0       0       0       0
2035       0       0       0       0       1       0      58       0       0       0       0       0
2036       0       0       0       0       1       0      58       0       0       0       0       0
2037       0       0       0       0       1       0      58       0       0       0       0       0
2038       0       0       0       0       1       0      58       0       0       0       0       0
2039       0       0       0       0       1       0      58       0       0       0       0       0
**** Planta:   77 SLT.SANTIAGO Penal:          200
A~no ......1 ......2 ......3 ......4 ......5 ......6 ......7 ......8 ......9 .....10 .....11 .....12
2025       0       4       1       0       0       0       0       0       0       0       0       0
2026       0       4       1       0       0       0       0       0       0       0       0       0
2027       0       4       1       0       0       0       0       0       0       0       0       0
2028       0       4       1       0       0       0       0       0       0       0       0       0
2029       0       4       1       0       0       0       0       0       0       0       0       0
2030       0       4       1       0       0       0       0       0       0       0       0       0
2031       0       4       1       0       0       0       0       0       0       0       0       0
2032       0       4       1       0       0       0       0       0       0       0       0       0
2033       0       4       1       0       0       0       0       0       0       0       0       0
2034       0       4       1       0       0       0       0       0       0       0       0       0
2035       0       4       1       0       0       0       0       0       0       0       0       0
2036       0       4       1       0       0       0       0       0       0       0       0       0
2037       0       4       1       0       0       0       0       0       0       0       0       0
2038       0       4       1       0       0       0       0       0       0       0       0       0
2039       0       4       1       0       0       0       0       0       0       0       0       0
**** Planta:   78 SALTO OSORIO Penal:          200
A~no ......1 ......2 ......3 ......4 ......5 ......6 ......7 ......8 ......9 .....10 .....11 .....12
2025     206     200     200     200     200     200     200     200     200     200     200     200
2026     206     200     200     200     200     200     200     200     200     200     200     200
2027     206     200     200     200     200     200     200     200     200     200     200     200
2028     206     200     200     200     200     200     200     200     200     200     200     200
2029     206     200     200     200     200     200     200     200     200     200     200     200
2030     206     200     200     200     200     200     200     200     200     200     200     200
2031     206     200     200     200     200     200     200     200     200     200     200     200
2032     206     200     200     200     200     200     200     200     200     200     200     200
2033     206     200     200     200     200     200     200     200     200     200     200     200
2034     206     200     200     200     200     200     200     200     200     200     200     200
2035     206     200     200     200     200     200     200     200     200     200     200     200
2036     206     200     200     200     200     200     200     200     200     200     200     200
2037     206     200     200     200     200     200     200     200     200     200     200     200
2038     206     200     200     200     200     200     200     200     200     200     200     200
2039     206     200     200     200     200     200     200     200     200     200     200     200
**** Planta:   82 SALTO CAXIAS Penal:          200
A~no ......1 ......2 ......3 ......4 ......5 ......6 ......7 ......8 ......9 .....10 .....11 .....12
2025     200     200     200     200     200     200     200     317     240     200     200     200
2026     200     200     200     200     200     200     200     317     240     200     200     200
2027     200     200     200     200     200     200     200     317     240     200     200     200
2028     200     200     200     200     200     200     200     317     240     200     200     200
2029     200     200     200     200     200     200     200     317     240     200     200     200
2030     200     200     200     200     200     200     200     317     240     200     200     200
2031     200     200     200     200     200     200     200     317     240     200     200     200
2032     200     200     200     200     200     200     200     317     240     200     200     200
2033     200     200     200     200     200     200     200     317     240     200     200     200
2034     200     200     200     200     200     200     200     317     240     200     200     200
2035     200     200     200     200     200     200     200     317     240     200     200     200
2036     200     200     200     200     200     200     200     317     240     200     200     200
2037     200     200     200     200     200     200     200     317     240     200     200     200
2038     200     200     200     200     200     200     200     317     240     200     200     200
2039     200     200     200     200     200     200     200     317     240     200     200     200
**** Planta:   83 BAIXO IGUACU Penal:          200
A~no ......1 ......2 ......3 ......4 ......5 ......6 ......7 ......8 ......9 .....10 .....11 .....12
2025  256.25  256.25  256.25  256.25  256.25  256.25  256.25  256.25  256.25  256.25  256.25  256.25
2026  256.25  256.25  256.25  256.25  256.25  256.25  256.25  256.25  256.25  256.25  256.25  256.25
2027  256.25  256.25  256.25  256.25  256.25  256.25  256.25  256.25  256.25  256.25  256.25  256.25
2028  256.25  256.25  256.25  256.25  256.25  256.25  256.25  256.25  256.25  256.25  256.25  256.25
2029  256.25  256.25  256.25  256.25  256.25  256.25  256.25  256.25  256.25  256.25  256.25  256.25
2030  256.25  256.25  256.25  256.25  256.25  256.25  256.25  256.25  256.25  256.25  256.25  256.25
2031  256.25  256.25  256.25  256.25  256.25  256.25  256.25  256.25  256.25  256.25  256.25  256.25
2032  256.25  256.25  256.25  256.25  256.25  256.25  256.25  256.25  256.25  256.25  256.25  256.25
2033  256.25  256.25  256.25  256.25  256.25  256.25  256.25  256.25  256.25  256.25  256.25  256.25
2034  256.25  256.25  256.25  256.25  256.25  256.25  256.25  256.25  256.25  256.25  256.25  256.25
2035  256.25  256.25  256.25  256.25  256.25  256.25  256.25  256.25  256.25  256.25  256.25  256.25
2036  256.25  256.25  256.25  256.25  256.25  256.25  256.25  256.25  256.25  256.25  256.25  256.25
2037  256.25  256.25  256.25  256.25  256.25  256.25  256.25  256.25  256.25  256.25  256.25  256.25
2038  256.25  256.25  256.25  256.25  256.25  256.25  256.25  256.25  256.25  256.25  256.25  256.25
2039  256.25  256.25  256.25  256.25  256.25  256.25  256.25  256.25  256.25  256.25  256.25  256.25
**** Planta:   86 BARRA GRANDE Penal:    276.46125
A~no ......1 ......2 ......3 ......4 ......5 ......6 ......7 ......8 ......9 .....10 .....11 .....12
2025      86      87      20      16      16      16      16      16      16     100      85      84
2026      86      87      20      16      16      16      16      16      16     100      85      84
2027      86      87      20      16      16      16      16      16      16     100      85      84
2028      86      87      20      16      16      16      16      16      16     100      85      84
2029      86      87      20      16      16      16      16      16      16     100      85      84
2030      86      87      20      16      16      16      16      16      16     100      85      84
2031      86      87      20      16      16      16      16      16      16     100      85      84
2032      86      87      20      16      16      16      16      16      16     100      85      84
2033      86      87      20      16      16      16      16      16      16     100      85      84
2034      86      87      20      16      16      16      16      16      16     100      85      84
2035      86      87      20      16      16      16      16      16      16     100      85      84
2036      86      87      20      16      16      16      16      16      16     100      85      84
2037      86      87      20      16      16      16      16      16      16     100      85      84
2038      86      87      20      16      16      16      16      16      16     100      85      84
2039      86      87      20      16      16      16      16      16      16     100      85      84
**** Planta:   88 SAO ROQUE    Penal:    309.03536
A~no ......1 ......2 ......3 ......4 ......5 ......6 ......7 ......8 ......9 .....10 .....11 .....12
2025      16      16      16      16      16      16      16      16      16      16      16      16
2026      16      16      16      16      16      16      16      16      16      16      16      16
2027      16      16      16      16      16      16      16      16      16      16      16      16
2028      16      16      16      16      16      16      16      16      16      16      16      16
2029      16      16      16      16      16      16      16      16      16      16      16      16
2030      16      16      16      16      16      16      16      16      16      16      16      16
2031      16      16      16      16      16      16      16      16      16      16      16      16
2032      16      16      16      16      16      16      16      16      16      16      16      16
2033      16      16      16      16      16      16      16      16      16      16      16      16
2034      16      16      16      16      16      16      16      16      16      16      16      16
2035      16      16      16      16      16      16      16      16      16      16      16      16
2036      16      16      16      16      16      16      16      16      16      16      16      16
2037      16      16      16      16      16      16      16      16      16      16      16      16
2038      16      16      16      16      16      16      16      16      16      16      16      16
2039      16      16      16      16      16      16      16      16      16      16      16      16
2040      16      16      16      16      16      16      16      16      16      16      16      16
**** Planta:   89 GARIBALDI    Penal:    894.23038
A~no ......1 ......2 ......3 ......4 ......5 ......6 ......7 ......8 ......9 .....10 .....11 .....12
2025     116     116     116     116     116     116     116     116     116     116     116     116
2026     116     116     116     116     116     116     116     116     116     116     116     116
2027     116     116     116     116     116     116     116     116     116     116     116     116
2028     116     116     116     116     116     116     116     116     116     116     116     116
2029     116     116     116     116     116     116     116     116     116     116     116     116
2030     116     116     116     116     116     116     116     116     116     116     116     116
2031     116     116     116     116     116     116     116     116     116     116     116     116
2032     116     116     116     116     116     116     116     116     116     116     116     116
2033     116     116     116     116     116     116     116     116     116     116     116     116
2034     116     116     116     116     116     116     116     116     116     116     116     116
2035     116     116     116     116     116     116     116     116     116     116     116     116
2036     116     116     116     116     116     116     116     116     116     116     116     116
2037     116     116     116     116     116     116     116     116     116     116     116     116
2038     116     116     116     116     116     116     116     116     116     116     116     116
2039     116     116     116     116     116     116     116     116     116     116     116     116
**** Planta:   90 CAMPOS NOVOS Penal:          200
A~no ......1 ......2 ......3 ......4 ......5 ......6 ......7 ......8 ......9 .....10 .....11 .....12
2025       0       0       0       0       0       5       0       0       0       0       0       0
2026       0       0       0       0       0       5       0       0       0       0       0       0
2027       0       0       0       0       0       5       0       0       0       0       0       0
2028       0       0       0       0       0       5       0       0       0       0       0       0
2029       0       0       0       0       0       5       0       0       0       0       0       0
2030       0       0       0       0       0       5       0       0       0       0       0       0
2031       0       0       0       0       0       5       0       0       0       0       0       0
2032       0       0       0       0       0       5       0       0       0       0       0       0
2033       0       0       0       0       0       5       0       0       0       0       0       0
2034       0       0       0       0       0       5       0       0       0       0       0       0
2035       0       0       0       0       0       5       0       0       0       0       0       0
2036       0       0       0       0       0       5       0       0       0       0       0       0
2037       0       0       0       0       0       5       0       0       0       0       0       0
2038       0       0       0       0       0       5       0       0       0       0       0       0
2039       0       0       0       0       0       5       0       0       0       0       0       0
**** Planta:   91 MACHADINHO   Penal:    532.79609
A~no ......1 ......2 ......3 ......4 ......5 ......6 ......7 ......8 ......9 .....10 .....11 .....12
2025     295     295     295     295     120     120     313     312     293     295     295     295
2026     295     295     295     295     120     120     313     312     293     295     295     295
2027     295     295     295     295     120     120     313     312     293     295     295     295
2028     295     295     295     295     120     120     313     312     293     295     295     295
2029     295     295     295     295     120     120     313     312     293     295     295     295
2030     295     295     295     295     120     120     313     312     293     295     295     295
2031     295     295     295     295     120     120     313     312     293     295     295     295
2032     295     295     295     295     120     120     313     312     293     295     295     295
2033     295     295     295     295     120     120     313     312     293     295     295     295
2034     295     295     295     295     120     120     313     312     293     295     295     295
2035     295     295     295     295     120     120     313     312     293     295     295     295
2036     295     295     295     295     120     120     313     312     293     295     295     295
2037     295     295     295     295     120     120     313     312     293     295     295     295
2038     295     295     295     295     120     120     313     312     293     295     295     295
2039     295     295     295     295     120     120     313     312     293     295     295     295
**** Planta:   92 ITA          Penal:          200
A~no ......1 ......2 ......3 ......4 ......5 ......6 ......7 ......8 ......9 .....10 .....11 .....12
2025     150     150     219     150     150     150     150     150     181     183     150     150
2026     150     150     219     150     150     150     150     150     181     183     150     150
2027     150     150     219     150     150     150     150     150     181     183     150     150
2028     150     150     219     150     150     150     150     150     181     183     150     150
2029     150     150     219     150     150     150     150     150     181     183     150     150
2030     150     150     219     150     150     150     150     150     181     183     150     150
2031     150     150     219     150     150     150     150     150     181     183     150     150
2032     150     150     219     150     150     150     150     150     181     183     150     150
2033     150     150     219     150     150     150     150     150     181     183     150     150
2034     150     150     219     150     150     150     150     150     181     183     150     150
2035     150     150     219     150     150     150     150     150     181     183     150     150
2036     150     150     219     150     150     150     150     150     181     183     150     150
2037     150     150     219     150     150     150     150     150     181     183     150     150
2038     150     150     219     150     150     150     150     150     181     183     150     150
2039     150     150     219     150     150     150     150     150     181     183     150     150
**** Planta:   93 PASSO FUNDO  Penal:          200
A~no ......1 ......2 ......3 ......4 ......5 ......6 ......7 ......8 ......9 .....10 .....11 .....12
2025       0       0       0       0       0       0       0       0       2       3       0       0
2026       0       0       0       0       0       0       0       0       2       3       0       0
2027       0       0       0       0       0       0       0       0       2       3       0       0
2028       0       0       0       0       0       0       0       0       2       3       0       0
2029       0       0       0       0       0       0       0       0       2       3       0       0
2030       0       0       0       0       0       0       0       0       2       3       0       0
2031       0       0       0       0       0       0       0       0       2       3       0       0
2032       0       0       0       0       0       0       0       0       2       3       0       0
2033       0       0       0       0       0       0       0       0       2       3       0       0
2034       0       0       0       0       0       0       0       0       2       3       0       0
2035       0       0       0       0       0       0       0       0       2       3       0       0
2036       0       0       0       0       0       0       0       0       2       3       0       0
2037       0       0       0       0       0       0       0       0       2       3       0       0
2038       0       0       0       0       0       0       0       0       2       3       0       0
2039       0       0       0       0       0       0       0       0       2       3       0       0
**** Planta:   94 MONJOLINHO   Penal:          200
A~no ......1 ......2 ......3 ......4 ......5 ......6 ......7 ......8 ......9 .....10 .....11 .....12
2025       0       0       0       0       0       0       4       0      30      13       0      12
2026       0       0       0       0       0       0       4       0      30      13       0      12
2027       0       0       0       0       0       0       4       0      30      13       0      12
2028       0       0       0       0       0       0       4       0      30      13       0      12
2029       0       0       0       0       0       0       4       0      30      13       0      12
2030       0       0       0       0       0       0       4       0      30      13       0      12
2031       0       0       0       0       0       0       4       0      30      13       0      12
2032       0       0       0       0       0       0       4       0      30      13       0      12
2033       0       0       0       0       0       0       4       0      30      13       0      12
2034       0       0       0       0       0       0       4       0      30      13       0      12
2035       0       0       0       0       0       0       4       0      30      13       0      12
2036       0       0       0       0       0       0       4       0      30      13       0      12
2037       0       0       0       0       0       0       4       0      30      13       0      12
2038       0       0       0       0       0       0       4       0      30      13       0      12
2039       0       0       0       0       0       0       4       0      30      13       0      12
**** Planta:   95 QUEBRA QUEIX Penal:    1119.0771
A~no ......1 ......2 ......3 ......4 ......5 ......6 ......7 ......8 ......9 .....10 .....11 .....12
2025      19     0.5     0.5     0.5     0.5       7       1     0.5       1     0.5     0.5      82
2026      19     0.5     0.5     0.5     0.5       7       1     0.5       1     0.5     0.5      82
2027      19     0.5     0.5     0.5     0.5       7       1     0.5       1     0.5     0.5      82
2028      19     0.5     0.5     0.5     0.5       7       1     0.5       1     0.5     0.5      82
2029      19     0.5     0.5     0.5     0.5       7       1     0.5       1     0.5     0.5      82
2030      19     0.5     0.5     0.5     0.5       7       1     0.5       1     0.5     0.5      82
2031      19     0.5     0.5     0.5     0.5       7       1     0.5       1     0.5     0.5      82
2032      19     0.5     0.5     0.5     0.5       7       1     0.5       1     0.5     0.5      82
2033      19     0.5     0.5     0.5     0.5       7       1     0.5       1     0.5     0.5      82
2034      19     0.5     0.5     0.5     0.5       7       1     0.5       1     0.5     0.5      82
2035      19     0.5     0.5     0.5     0.5       7       1     0.5       1     0.5     0.5      82
2036      19     0.5     0.5     0.5     0.5       7       1     0.5       1     0.5     0.5      82
2037      19     0.5     0.5     0.5     0.5       7       1     0.5       1     0.5     0.5      82
2038      19     0.5     0.5     0.5     0.5       7       1     0.5       1     0.5     0.5      82
2039      19     0.5     0.5     0.5     0.5       7       1     0.5       1     0.5     0.5      82
**** Planta:   97 CASTRO ALVES Penal:    1571.4289
A~no ......1 ......2 ......3 ......4 ......5 ......6 ......7 ......8 ......9 .....10 .....11 .....12
2025       1       0       0       0       0       0      33       8       0       9       0       3
2026       1       0       0       0       0       0      33       8       0       9       0       3
2027       1       0       0       0       0       0      33       8       0       9       0       3
2028       1       0       0       0       0       0      33       8       0       9       0       3
2029       1       0       0       0       0       0      33       8       0       9       0       3
2030       1       0       0       0       0       0      33       8       0       9       0       3
2031       1       0       0       0       0       0      33       8       0       9       0       3
2032       1       0       0       0       0       0      33       8       0       9       0       3
2033       1       0       0       0       0       0      33       8       0       9       0       3
2034       1       0       0       0       0       0      33       8       0       9       0       3
2035       1       0       0       0       0       0      33       8       0       9       0       3
2036       1       0       0       0       0       0      33       8       0       9       0       3
2037       1       0       0       0       0       0      33       8       0       9       0       3
2038       1       0       0       0       0       0      33       8       0       9       0       3
2039       1       0       0       0       0       0      33       8       0       9       0       3
**** Planta:   98 MONTE CLARO  Penal:          200
A~no ......1 ......2 ......3 ......4 ......5 ......6 ......7 ......8 ......9 .....10 .....11 .....12
2025       9       0       0       0       0       0      74      19       4      17       0       0
2026       9       0       0       0       0       0      74      19       4      17       0       0
2027       9       0       0       0       0       0      74      19       4      17       0       0
2028       9       0       0       0       0       0      74      19       4      17       0       0
2029       9       0       0       0       0       0      74      19       4      17       0       0
2030       9       0       0       0       0       0      74      19       4      17       0       0
2031       9       0       0       0       0       0      74      19       4      17       0       0
2032       9       0       0       0       0       0      74      19       4      17       0       0
2033       9       0       0       0       0       0      74      19       4      17       0       0
2034       9       0       0       0       0       0      74      19       4      17       0       0
2035       9       0       0       0       0       0      74      19       4      17       0       0
2036       9       0       0       0       0       0      74      19       4      17       0       0
2037       9       0       0       0       0       0      74      19       4      17       0       0
2038       9       0       0       0       0       0      74      19       4      17       0       0
2039       9       0       0       0       0       0      74      19       4      17       0       0
**** Planta:   99 14 DE JULHO  Penal:          200
A~no ......1 ......2 ......3 ......4 ......5 ......6 ......7 ......8 ......9 .....10 .....11 .....12
2025       1       0       0       0       0       0      68      17       0      14       1       0
2026       1       0       0       0       0       0      68      17       0      14       1       0
2027       1       0       0       0       0       0      68      17       0      14       1       0
2028       1       0       0       0       0       0      68      17       0      14       1       0
2029       1       0       0       0       0       0      68      17       0      14       1       0
2030       1       0       0       0       0       0      68      17       0      14       1       0
2031       1       0       0       0       0       0      68      17       0      14       1       0
2032       1       0       0       0       0       0      68      17       0      14       1       0
2033       1       0       0       0       0       0      68      17       0      14       1       0
2034       1       0       0       0       0       0      68      17       0      14       1       0
2035       1       0       0       0       0       0      68      17       0      14       1       0
2036       1       0       0       0       0       0      68      17       0      14       1       0
2037       1       0       0       0       0       0      68      17       0      14       1       0
2038       1       0       0       0       0       0      68      17       0      14       1       0
2039       1       0       0       0       0       0      68      17       0      14       1       0
**** Planta:  101 SAO JOSE     Penal:     1457.682
A~no ......1 ......2 ......3 ......4 ......5 ......6 ......7 ......8 ......9 .....10 .....11 .....12
2025      99      53    43.8    43.8    43.8      72     106     119      88      73      69      83
2026      99      53    43.8    43.8    43.8      72     106     119      88      73      69      83
2027      99      53    43.8    43.8    43.8      72     106     119      88      73      69      83
2028      99      53    43.8    43.8    43.8      72     106     119      88      73      69      83
2029      99      53    43.8    43.8    43.8      72     106     119      88      73      69      83
2030      99      53    43.8    43.8    43.8      72     106     119      88      73      69      83
2031      99      53    43.8    43.8    43.8      72     106     119      88      73      69      83
2032      99      53    43.8    43.8    43.8      72     106     119      88      73      69      83
2033      99      53    43.8    43.8    43.8      72     106     119      88      73      69      83
2034      99      53    43.8    43.8    43.8      72     106     119      88      73      69      83
2035      99      53    43.8    43.8    43.8      72     106     119      88      73      69      83
2036      99      53    43.8    43.8    43.8      72     106     119      88      73      69      83
2037      99      53    43.8    43.8    43.8      72     106     119      88      73      69      83
2038      99      53    43.8    43.8    43.8      72     106     119      88      73      69      83
2039      99      53    43.8    43.8    43.8      72     106     119      88      73      69      83
**** Planta:  102 PASSO S JOAO Penal:    694.44286
A~no ......1 ......2 ......3 ......4 ......5 ......6 ......7 ......8 ......9 .....10 .....11 .....12
2025      50      50      50      50      50      57      60      89      54      50      50      50
2026      50      50      50      50      50      57      60      89      54      50      50      50
2027      50      50      50      50      50      57      60      89      54      50      50      50
2028      50      50      50      50      50      57      60      89      54      50      50      50
2029      50      50      50      50      50      57      60      89      54      50      50      50
2030      50      50      50      50      50      57      60      89      54      50      50      50
2031      50      50      50      50      50      57      60      89      54      50      50      50
2032      50      50      50      50      50      57      60      89      54      50      50      50
2033      50      50      50      50      50      57      60      89      54      50      50      50
2034      50      50      50      50      50      57      60      89      54      50      50      50
2035      50      50      50      50      50      57      60      89      54      50      50      50
2036      50      50      50      50      50      57      60      89      54      50      50      50
2037      50      50      50      50      50      57      60      89      54      50      50      50
2038      50      50      50      50      50      57      60      89      54      50      50      50
2039      50      50      50      50      50      57      60      89      54      50      50      50
**** Planta:  103 FOZ CHAPECO  Penal:    245.23715
A~no ......1 ......2 ......3 ......4 ......5 ......6 ......7 ......8 ......9 .....10 .....11 .....12
2025     200     200     200     200     200     200     200     272     323     200     200     200
2026     200     200     200     200     200     200     200     272     323     200     200     200
2027     200     200     200     200     200     200     200     272     323     200     200     200
2028     200     200     200     200     200     200     200     272     323     200     200     200
2029     200     200     200     200     200     200     200     272     323     200     200     200
2030     200     200     200     200     200     200     200     272     323     200     200     200
2031     200     200     200     200     200     200     200     272     323     200     200     200
2032     200     200     200     200     200     200     200     272     323     200     200     200
2033     200     200     200     200     200     200     200     272     323     200     200     200
2034     200     200     200     200     200     200     200     272     323     200     200     200
2035     200     200     200     200     200     200     200     272     323     200     200     200
2036     200     200     200     200     200     200     200     272     323     200     200     200
2037     200     200     200     200     200     200     200     272     323     200     200     200
2038     200     200     200     200     200     200     200     272     323     200     200     200
2039     200     200     200     200     200     200     200     272     323     200     200     200
**** Planta:  110 ERNESTINA    Penal:    2077.6305
A~no ......1 ......2 ......3 ......4 ......5 ......6 ......7 ......8 ......9 .....10 .....11 .....12
2025      20      30      28      28      27      27      35      34      24      30      30      52
2026      20      30      28      28      27      27      35      34      24      30      30      52
2027      20      30      28      28      27      27      35      34      24      30      30      52
2028      20      30      28      28      27      27      35      34      24      30      30      52
2029      20      30      28      28      27      27      35      34      24      30      30      52
2030      20      30      28      28      27      27      35      34      24      30      30      52
2031      20      30      28      28      27      27      35      34      24      30      30      52
2032      20      30      28      28      27      27      35      34      24      30      30      52
2033      20      30      28      28      27      27      35      34      24      30      30      52
2034      20      30      28      28      27      27      35      34      24      30      30      52
2035      20      30      28      28      27      27      35      34      24      30      30      52
2036      20      30      28      28      27      27      35      34      24      30      30      52
2037      20      30      28      28      27      27      35      34      24      30      30      52
2038      20      30      28      28      27      27      35      34      24      30      30      52
2039      20      30      28      28      27      27      35      34      24      30      30      52
**** Planta:  111 PASSO REAL   Penal:    432.56954
A~no ......1 ......2 ......3 ......4 ......5 ......6 ......7 ......8 ......9 .....10 .....11 .....12
2025      18     188       0       0       0       0       4      10      65      36       0       2
2026      18     188       0       0       0       0       4      10      65      36       0       2
2027      18     188       0       0       0       0       4      10      65      36       0       2
2028      18     188       0       0       0       0       4      10      65      36       0       2
2029      18     188       0       0       0       0       4      10      65      36       0       2
2030      18     188       0       0       0       0       4      10      65      36       0       2
2031      18     188       0       0       0       0       4      10      65      36       0       2
2032      18     188       0       0       0       0       4      10      65      36       0       2
2033      18     188       0       0       0       0       4      10      65      36       0       2
2034      18     188       0       0       0       0       4      10      65      36       0       2
2035      18     188       0       0       0       0       4      10      65      36       0       2
2036      18     188       0       0       0       0       4      10      65      36       0       2
2037      18     188       0       0       0       0       4      10      65      36       0       2
2038      18     188       0       0       0       0       4      10      65      36       0       2
2039      18     188       0       0       0       0       4      10      65      36       0       2
**** Planta:  112 JACUI        Penal:    511.79987
A~no ......1 ......2 ......3 ......4 ......5 ......6 ......7 ......8 ......9 .....10 .....11 .....12
2025      26     226      22      16      25      31      30      34     148      61      15      27
2026      26     226      22      16      25      31      30      34     148      61      15      27
2027      26     226      22      16      25      31      30      34     148      61      15      27
2028      26     226      22      16      25      31      30      34     148      61      15      27
2029      26     226      22      16      25      31      30      34     148      61      15      27
2030      26     226      22      16      25      31      30      34     148      61      15      27
2031      26     226      22      16      25      31      30      34     148      61      15      27
2032      26     226      22      16      25      31      30      34     148      61      15      27
2033      26     226      22      16      25      31      30      34     148      61      15      27
2034      26     226      22      16      25      31      30      34     148      61      15      27
2035      26     226      22      16      25      31      30      34     148      61      15      27
2036      26     226      22      16      25      31      30      34     148      61      15      27
2037      26     226      22      16      25      31      30      34     148      61      15      27
2038      26     226      22      16      25      31      30      34     148      61      15      27
2039      26     226      22      16      25      31      30      34     148      61      15      27
**** Planta:  113 ITAUBA       Penal:          200
A~no ......1 ......2 ......3 ......4 ......5 ......6 ......7 ......8 ......9 .....10 .....11 .....12
2025      33      11      22      12      21      24      32      27      29      22       7      21
2026      33      11      22      12      21      24      32      27      29      22       7      21
2027      33      11      22      12      21      24      32      27      29      22       7      21
2028      33      11      22      12      21      24      32      27      29      22       7      21
2029      33      11      22      12      21      24      32      27      29      22       7      21
2030      33      11      22      12      21      24      32      27      29      22       7      21
2031      33      11      22      12      21      24      32      27      29      22       7      21
2032      33      11      22      12      21      24      32      27      29      22       7      21
2033      33      11      22      12      21      24      32      27      29      22       7      21
2034      33      11      22      12      21      24      32      27      29      22       7      21
2035      33      11      22      12      21      24      32      27      29      22       7      21
2036      33      11      22      12      21      24      32      27      29      22       7      21
2037      33      11      22      12      21      24      32      27      29      22       7      21
2038      33      11      22      12      21      24      32      27      29      22       7      21
2039      33      11      22      12      21      24      32      27      29      22       7      21
**** Planta:  114 D. FRANCISCA Penal:    343.75406
A~no ......1 ......2 ......3 ......4 ......5 ......6 ......7 ......8 ......9 .....10 .....11 .....12
2025     104     115     106     104      63      17     110     166     122     132     115     105
2026     104     115     106     104      63      17     110     166     122     132     115     105
2027     104     115     106     104      63      17     110     166     122     132     115     105
2028     104     115     106     104      63      17     110     166     122     132     115     105
2029     104     115     106     104      63      17     110     166     122     132     115     105
2030     104     115     106     104      63      17     110     166     122     132     115     105
2031     104     115     106     104      63      17     110     166     122     132     115     105
2032     104     115     106     104      63      17     110     166     122     132     115     105
2033     104     115     106     104      63      17     110     166     122     132     115     105
2034     104     115     106     104      63      17     110     166     122     132     115     105
2035     104     115     106     104      63      17     110     166     122     132     115     105
2036     104     115     106     104      63      17     110     166     122     132     115     105
2037     104     115     106     104      63      17     110     166     122     132     115     105
2038     104     115     106     104      63      17     110     166     122     132     115     105
2039     104     115     106     104      63      17     110     166     122     132     115     105
**** Planta:  115 G. P. SOUZA  Penal:    583.63795
A~no ......1 ......2 ......3 ......4 ......5 ......6 ......7 ......8 ......9 .....10 .....11 .....12
2025       3       5       3       3       3       3       3       3       3       3       3       3
2026       3       5       3       3       3       3       3       3       3       3       3       3
2027       3       5       3       3       3       3       3       3       3       3       3       3
2028       3       5       3       3       3       3       3       3       3       3       3       3
2029       3       5       3       3       3       3       3       3       3       3       3       3
2030       3       5       3       3       3       3       3       3       3       3       3       3
2031       3       5       3       3       3       3       3       3       3       3       3       3
2032       3       5       3       3       3       3       3       3       3       3       3       3
2033       3       5       3       3       3       3       3       3       3       3       3       3
2034       3       5       3       3       3       3       3       3       3       3       3       3
2035       3       5       3       3       3       3       3       3       3       3       3       3
2036       3       5       3       3       3       3       3       3       3       3       3       3
2037       3       5       3       3       3       3       3       3       3       3       3       3
2038       3       5       3       3       3       3       3       3       3       3       3       3
2039       3       5       3       3       3       3       3       3       3       3       3       3
**** Planta:  215 SALTO PILAO  Penal:    932.21892
A~no ......1 ......2 ......3 ......4 ......5 ......6 ......7 ......8 ......9 .....10 .....11 .....12
2025      57      24       0       0       0       0      26      10      14      13       8      58
2026      57      24       0       0       0       0      26      10      14      13       8      58
2027      57      24       0       0       0       0      26      10      14      13       8      58
2028      57      24       0       0       0       0      26      10      14      13       8      58
2029      57      24       0       0       0       0      26      10      14      13       8      58
2030      57      24       0       0       0       0      26      10      14      13       8      58
2031      57      24       0       0       0       0      26      10      14      13       8      58
2032      57      24       0       0       0       0      26      10      14      13       8      58
2033      57      24       0       0       0       0      26      10      14      13       8      58
2034      57      24       0       0       0       0      26      10      14      13       8      58
2035      57      24       0       0       0       0      26      10      14      13       8      58
2036      57      24       0       0       0       0      26      10      14      13       8      58
2037      57      24       0       0       0       0      26      10      14      13       8      58
2038      57      24       0       0       0       0      26      10      14      13       8      58
2039      57      24       0       0       0       0      26      10      14      13       8      58
**** Planta: 1073 Jordao Fic01 Penal:          200
A~no ......1 ......2 ......3 ......4 ......5 ......6 ......7 ......8 ......9 .....10 .....11 .....12
2025      10      10      10      10      10      10      10      10      10      10      10      10
2026      10      10      10      10      10      10      10      10      10      10      10      10
2027      10      10      10      10      10      10      10      10      10      10      10      10
2028      10      10      10      10      10      10      10      10      10      10      10      10
2029      10      10      10      10      10      10      10      10      10      10      10      10
2030      10      10      10      10      10      10      10      10      10      10      10      10
2031      10      10      10      10      10      10      10      10      10      10      10      10
2032      10      10      10      10      10      10      10      10      10      10      10      10
2033      10      10      10      10      10      10      10      10      10      10      10      10
2034      10      10      10      10      10      10      10      10      10      10      10      10
2035      10      10      10      10      10      10      10      10      10      10      10      10
2036      10      10      10      10      10      10      10      10      10      10      10      10
2037      10      10      10      10      10      10      10      10      10      10      10      10
2038      10      10      10      10      10      10      10      10      10      10      10      10
2039      10      10      10      10      10      10      10      10      10      10      10      10
