**** Planta:  117 GUARAPIRANGA Penal:         9200
A~no ......1 ......2 ......3 ......4 ......5 ......6 ......7 ......8 ......9 .....10 .....11 .....12
2025      15      15      15      14      14      15      14      15      15      15      15      15
2026      15      15      15      14      14      15      14      15      15      15      15      15
2027      15      15      15      14      14      15      14      15      15      15      15      15
2028      15      15      15      14      14      15      14      15      15      15      15      15
2029      15      15      15      14      14      15      14      15      15      15      15      15
2030      15      15      15      14      14      15      14      15      15      15      15      15
2031      15      15      15      14      14      15      14      15      15      15      15      15
2032      15      15      15      14      14      15      14      15      15      15      15      15
2033      15      15      15      14      14      15      14      15      15      15      15      15
2034      15      15      15      14      14      15      14      15      15      15      15      15
2035      15      15      15      14      14      15      14      15      15      15      15      15
2036      15      15      15      14      14      15      14      15      15      15      15      15
2037      15      15      15      14      14      15      14      15      15      15      15      15
2038      15      15      15      14      14      15      14      15      15      15      15      15
2039      15      15      15      14      14      15      14      15      15      15      15      15
**** Planta:  118 BILLINGS     Penal:    6032.7432
A~no ......1 ......2 ......3 ......4 ......5 ......6 ......7 ......8 ......9 .....10 .....11 .....12
2025      19      23      16      16      14      15      21      20      60      49      13      18
2026      19      23      16      16      14      15      21      20      60      49      13      18
2027      19      23      16      16      14      15      21      20      60      49      13      18
2028      19      23      16      16      14      15      21      20      60      49      13      18
2029      19      23      16      16      14      15      21      20      60      49      13      18
2030      19      23      16      16      14      15      21      20      60      49      13      18
2031      19      23      16      16      14      15      21      20      60      49      13      18
2032      19      23      16      16      14      15      21      20      60      49      13      18
2033      19      23      16      16      14      15      21      20      60      49      13      18
2034      19      23      16      16      14      15      21      20      60      49      13      18
2035      19      23      16      16      14      15      21      20      60      49      13      18
2036      19      23      16      16      14      15      21      20      60      49      13      18
2037      19      23      16      16      14      15      21      20      60      49      13      18
2038      19      23      16      16      14      15      21      20      60      49      13      18
2039      19      23      16      16      14      15      21      20      60      49      13      18
**** Planta:  119 HENRY BORDEN Penal:    1387.4703
A~no ......1 ......2 ......3 ......4 ......5 ......6 ......7 ......8 ......9 .....10 .....11 .....12
2025       7       9       8       6       6      10       9       8       7       9       7       9
2026       7       9       8       6       6      10       9       8       7       9       7       9
2027       7       9       8       6       6      10       9       8       7       9       7       9
2028       7       9       8       6       6      10       9       8       7       9       7       9
2029       7       9       8       6       6      10       9       8       7       9       7       9
2030       7       9       8       6       6      10       9       8       7       9       7       9
2031       7       9       8       6       6      10       9       8       7       9       7       9
2032       7       9       8       6       6      10       9       8       7       9       7       9
2033       7       9       8       6       6      10       9       8       7       9       7       9
2034       7       9       8       6       6      10       9       8       7       9       7       9
2035       7       9       8       6       6      10       9       8       7       9       7       9
2036       7       9       8       6       6      10       9       8       7       9       7       9
2037       7       9       8       6       6      10       9       8       7       9       7       9
2038       7       9       8       6       6      10       9       8       7       9       7       9
2039       7       9       8       6       6      10       9       8       7       9       7       9
**** Planta:  120 JAGUARI      Penal:    636.21094
A~no ......1 ......2 ......3 ......4 ......5 ......6 ......7 ......8 ......9 .....10 .....11 .....12
2025      10      10      10      10      10      10      10      10      10      10      10      10
2026      10      10      10      10      10      10      10      10      10      10      10      10
2027      10      10      10      10      10      10      10      10      10      10      10      10
2028      10      10      10      10      10      10      10      10      10      10      10      10
2029      10      10      10      10      10      10      10      10      10      10      10      10
2030      10      10      10      10      10      10      10      10      10      10      10      10
2031      10      10      10      10      10      10      10      10      10      10      10      10
2032      10      10      10      10      10      10      10      10      10      10      10      10
2033      10      10      10      10      10      10      10      10      10      10      10      10
2034      10      10      10      10      10      10      10      10      10      10      10      10
2035      10      10      10      10      10      10      10      10      10      10      10      10
2036      10      10      10      10      10      10      10      10      10      10      10      10
2037      10      10      10      10      10      10      10      10      10      10      10      10
2038      10      10      10      10      10      10      10      10      10      10      10      10
2039      10      10      10      10      10      10      10      10      10      10      10      10
**** Planta:  121 PARAIBUNA/PA Penal:    318.08237
A~no ......1 ......2 ......3 ......4 ......5 ......6 ......7 ......8 ......9 .....10 .....11 .....12
2025      30      30      30      30      30      30      30      30      30      30      30      30
2026      30      30      30      30      30      30      30      30      30      30      30      30
2027      30      30      30      30      30      30      30      30      30      30      30      30
2028      30      30      30      30      30      30      30      30      30      30      30      30
2029      30      30      30      30      30      30      30      30      30      30      30      30
2030      30      30      30      30      30      30      30      30      30      30      30      30
2031      30      30      30      30      30      30      30      30      30      30      30      30
2032      30      30      30      30      30      30      30      30      30      30      30      30
2033      30      30      30      30      30      30      30      30      30      30      30      30
2034      30      30      30      30      30      30      30      30      30      30      30      30
2035      30      30      30      30      30      30      30      30      30      30      30      30
2036      30      30      30      30      30      30      30      30      30      30      30      30
2037      30      30      30      30      30      30      30      30      30      30      30      30
2038      30      30      30      30      30      30      30      30      30      30      30      30
2039      30      30      30      30      30      30      30      30      30      30      30      30
**** Planta:  122 S.BRANCA PAR Penal:    474.22253
A~no ......1 ......2 ......3 ......4 ......5 ......6 ......7 ......8 ......9 .....10 .....11 .....12
2025      40      40      40      40      40      40      40      40      40      40      40      40
2026      40      40      40      40      40      40      40      40      40      40      40      40
2027      40      40      40      40      40      40      40      40      40      40      40      40
2028      40      40      40      40      40      40      40      40      40      40      40      40
2029      40      40      40      40      40      40      40      40      40      40      40      40
2030      40      40      40      40      40      40      40      40      40      40      40      40
2031      40      40      40      40      40      40      40      40      40      40      40      40
2032      40      40      40      40      40      40      40      40      40      40      40      40
2033      40      40      40      40      40      40      40      40      40      40      40      40
2034      40      40      40      40      40      40      40      40      40      40      40      40
2035      40      40      40      40      40      40      40      40      40      40      40      40
2036      40      40      40      40      40      40      40      40      40      40      40      40
2037      40      40      40      40      40      40      40      40      40      40      40      40
2038      40      40      40      40      40      40      40      40      40      40      40      40
2039      40      40      40      40      40      40      40      40      40      40      40      40
**** Planta:  123 FUNIL        Penal:    277.06527
A~no ......1 ......2 ......3 ......4 ......5 ......6 ......7 ......8 ......9 .....10 .....11 .....12
2025      80      80      80      80      80      80      80      80      80      80      80      80
2026      80      80      80      80      80      80      80      80      80      80      80      80
2027      80      80      80      80      80      80      80      80      80      80      80      80
2028      80      80      80      80      80      80      80      80      80      80      80      80
2029      80      80      80      80      80      80      80      80      80      80      80      80
2030      80      80      80      80      80      80      80      80      80      80      80      80
2031      80      80      80      80      80      80      80      80      80      80      80      80
2032      80      80      80      80      80      80      80      80      80      80      80      80
2033      80      80      80      80      80      80      80      80      80      80      80      80
2034      80      80      80      80      80      80      80      80      80      80      80      80
2035      80      80      80      80      80      80      80      80      80      80      80      80
2036      80      80      80      80      80      80      80      80      80      80      80      80
2037      80      80      80      80      80      80      80      80      80      80      80      80
2038      80      80      80      80      80      80      80      80      80      80      80      80
2039      80      80      80      80      80      80      80      80      80      80      80      80
**** Planta:  124 LAJES        Penal:    3245.4678
A~no ......1 ......2 ......3 ......4 ......5 ......6 ......7 ......8 ......9 .....10 .....11 .....12
2025       6       6       6       6       6       6       6       6       6       6       6       6
2026       6       6       6       6       6       6       6       6       6       6       6       6
2027       6       6       6       6       6       6       6       6       6       6       6       6
2028       6       6       6       6       6       6       6       6       6       6       6       6
2029       6       6       6       6       6       6       6       6       6       6       6       6
2030       6       6       6       6       6       6       6       6       6       6       6       6
2031       6       6       6       6       6       6       6       6       6       6       6       6
2032       6       6       6       6       6       6       6       6       6       6       6       6
2033       6       6       6       6       6       6       6       6       6       6       6       6
2034       6       6       6       6       6       6       6       6       6       6       6       6
2035       6       6       6       6       6       6       6       6       6       6       6       6
2036       6       6       6       6       6       6       6       6       6       6       6       6
2037       6       6       6       6       6       6       6       6       6       6       6       6
2038       6       6       6       6       6       6       6       6       6       6       6       6
2039       6       6       6       6       6       6       6       6       6       6       6       6
**** Planta:  126 PICADA       Penal:          200
A~no ......1 ......2 ......3 ......4 ......5 ......6 ......7 ......8 ......9 .....10 .....11 .....12
2025      22      15      23      18      15      14       9       9       8       9      17      28
2026      22      15      23      18      15      14       9       9       8       9      17      28
2027      22      15      23      18      15      14       9       9       8       9      17      28
2028      22      15      23      18      15      14       9       9       8       9      17      28
2029      22      15      23      18      15      14       9       9       8       9      17      28
2030      22      15      23      18      15      14       9       9       8       9      17      28
2031      22      15      23      18      15      14       9       9       8       9      17      28
2032      22      15      23      18      15      14       9       9       8       9      17      28
2033      22      15      23      18      15      14       9       9       8       9      17      28
2034      22      15      23      18      15      14       9       9       8       9      17      28
2035      22      15      23      18      15      14       9       9       8       9      17      28
2036      22      15      23      18      15      14       9       9       8       9      17      28
2037      22      15      23      18      15      14       9       9       8       9      17      28
2038      22      15      23      18      15      14       9       9       8       9      17      28
2039      22      15      23      18      15      14       9       9       8       9      17      28
**** Planta:  127 SOBRAGI      Penal:          200
A~no ......1 ......2 ......3 ......4 ......5 ......6 ......7 ......8 ......9 .....10 .....11 .....12
2025      42      27      42      48      38      31      19      19      13      18      26      43
2026      42      27      42      48      38      31      19      19      13      18      26      43
2027      42      27      42      48      38      31      19      19      13      18      26      43
2028      42      27      42      48      38      31      19      19      13      18      26      43
2029      42      27      42      48      38      31      19      19      13      18      26      43
2030      42      27      42      48      38      31      19      19      13      18      26      43
2031      42      27      42      48      38      31      19      19      13      18      26      43
2032      42      27      42      48      38      31      19      19      13      18      26      43
2033      42      27      42      48      38      31      19      19      13      18      26      43
2034      42      27      42      48      38      31      19      19      13      18      26      43
2035      42      27      42      48      38      31      19      19      13      18      26      43
2036      42      27      42      48      38      31      19      19      13      18      26      43
2037      42      27      42      48      38      31      19      19      13      18      26      43
2038      42      27      42      48      38      31      19      19      13      18      26      43
2039      42      27      42      48      38      31      19      19      13      18      26      43
**** Planta:  129 SIMPLICIO    Penal:          200
A~no ......1 ......2 ......3 ......4 ......5 ......6 ......7 ......8 ......9 .....10 .....11 .....12
2025      20      41     122      96      67      61      25      23       9      17      66      95
2026      20      41     122      96      67      61      25      23       9      17      66      95
2027      20      41     122      96      67      61      25      23       9      17      66      95
2028      20      41     122      96      67      61      25      23       9      17      66      95
2029      20      41     122      96      67      61      25      23       9      17      66      95
2030      20      41     122      96      67      61      25      23       9      17      66      95
2031      20      41     122      96      67      61      25      23       9      17      66      95
2032      20      41     122      96      67      61      25      23       9      17      66      95
2033      20      41     122      96      67      61      25      23       9      17      66      95
2034      20      41     122      96      67      61      25      23       9      17      66      95
2035      20      41     122      96      67      61      25      23       9      17      66      95
2036      20      41     122      96      67      61      25      23       9      17      66      95
2037      20      41     122      96      67      61      25      23       9      17      66      95
2038      20      41     122      96      67      61      25      23       9      17      66      95
2039      20      41     122      96      67      61      25      23       9      17      66      95
**** Planta:  130 ILHA POMBOS  Penal:          200
A~no ......1 ......2 ......3 ......4 ......5 ......6 ......7 ......8 ......9 .....10 .....11 .....12
2025     136     153     258     256     234     197     116     140      92     117     151     210
2026     136     153     258     256     234     197     116     140      92     117     151     210
2027     136     153     258     256     234     197     116     140      92     117     151     210
2028     136     153     258     256     234     197     116     140      92     117     151     210
2029     136     153     258     256     234     197     116     140      92     117     151     210
2030     136     153     258     256     234     197     116     140      92     117     151     210
2031     136     153     258     256     234     197     116     140      92     117     151     210
2032     136     153     258     256     234     197     116     140      92     117     151     210
2033     136     153     258     256     234     197     116     140      92     117     151     210
2034     136     153     258     256     234     197     116     140      92     117     151     210
2035     136     153     258     256     234     197     116     140      92     117     151     210
2036     136     153     258     256     234     197     116     140      92     117     151     210
2037     136     153     258     256     234     197     116     140      92     117     151     210
2038     136     153     258     256     234     197     116     140      92     117     151     210
2039     136     153     258     256     234     197     116     140      92     117     151     210
**** Planta:  131 NILO PECANHA Penal:    316.20699
A~no ......1 ......2 ......3 ......4 ......5 ......6 ......7 ......8 ......9 .....10 .....11 .....12
2025     102      93      75     102      93     110     100      85     104     105      99      94
2026     102      93      75     102      93     110     100      85     104     105      99      94
2027     102      93      75     102      93     110     100      85     104     105      99      94
2028     102      93      75     102      93     110     100      85     104     105      99      94
2029     102      93      75     102      93     110     100      85     104     105      99      94
2030     102      93      75     102      93     110     100      85     104     105      99      94
2031     102      93      75     102      93     110     100      85     104     105      99      94
2032     102      93      75     102      93     110     100      85     104     105      99      94
2033     102      93      75     102      93     110     100      85     104     105      99      94
2034     102      93      75     102      93     110     100      85     104     105      99      94
2035     102      93      75     102      93     110     100      85     104     105      99      94
2036     102      93      75     102      93     110     100      85     104     105      99      94
2037     102      93      75     102      93     110     100      85     104     105      99      94
2038     102      93      75     102      93     110     100      85     104     105      99      94
2039     102      93      75     102      93     110     100      85     104     105      99      94
**** Planta:  183 FONTES A     Penal:    6696.2651
A~no ......1 ......2 ......3 ......4 ......5 ......6 ......7 ......8 ......9 .....10 .....11 .....12
2025      29      38      22      32      27      22      27      23      31      34      19      44
2026      29      38      22      32      27      22      27      23      31      34      19      44
2027      29      38      22      32      27      22      27      23      31      34      19      44
2028      29      38      22      32      27      22      27      23      31      34      19      44
2029      29      38      22      32      27      22      27      23      31      34      19      44
2030      29      38      22      32      27      22      27      23      31      34      19      44
2031      29      38      22      32      27      22      27      23      31      34      19      44
2032      29      38      22      32      27      22      27      23      31      34      19      44
2033      29      38      22      32      27      22      27      23      31      34      19      44
2034      29      38      22      32      27      22      27      23      31      34      19      44
2035      29      38      22      32      27      22      27      23      31      34      19      44
2036      29      38      22      32      27      22      27      23      31      34      19      44
2037      29      38      22      32      27      22      27      23      31      34      19      44
2038      29      38      22      32      27      22      27      23      31      34      19      44
2039      29      38      22      32      27      22      27      23      31      34      19      44
**** Planta:  133 P. PASSOS    Penal:    282.38851
A~no ......1 ......2 ......3 ......4 ......5 ......6 ......7 ......8 ......9 .....10 .....11 .....12
2025     120     120     120     120     120     120     120     120     120     120     120     120
2026     120     120     120     120     120     120     120     120     120     120     120     120
2027     120     120     120     120     120     120     120     120     120     120     120     120
2028     120     120     120     120     120     120     120     120     120     120     120     120
2029     120     120     120     120     120     120     120     120     120     120     120     120
2030     120     120     120     120     120     120     120     120     120     120     120     120
2031     120     120     120     120     120     120     120     120     120     120     120     120
2032     120     120     120     120     120     120     120     120     120     120     120     120
2033     120     120     120     120     120     120     120     120     120     120     120     120
2034     120     120     120     120     120     120     120     120     120     120     120     120
2035     120     120     120     120     120     120     120     120     120     120     120     120
2036     120     120     120     120     120     120     120     120     120     120     120     120
2037     120     120     120     120     120     120     120     120     120     120     120     120
2038     120     120     120     120     120     120     120     120     120     120     120     120
2039     120     120     120     120     120     120     120     120     120     120     120     120
**** Planta:  134 SALTO GRANDE Penal:          200
A~no ......1 ......2 ......3 ......4 ......5 ......6 ......7 ......8 ......9 .....10 .....11 .....12
2025      37      24      63      62      43      47      27      25      22      20      18      46
2026      37      24      63      62      43      47      27      25      22      20      18      46
2027      37      24      63      62      43      47      27      25      22      20      18      46
2028      37      24      63      62      43      47      27      25      22      20      18      46
2029      37      24      63      62      43      47      27      25      22      20      18      46
2030      37      24      63      62      43      47      27      25      22      20      18      46
2031      37      24      63      62      43      47      27      25      22      20      18      46
2032      37      24      63      62      43      47      27      25      22      20      18      46
2033      37      24      63      62      43      47      27      25      22      20      18      46
2034      37      24      63      62      43      47      27      25      22      20      18      46
2035      37      24      63      62      43      47      27      25      22      20      18      46
2036      37      24      63      62      43      47      27      25      22      20      18      46
2037      37      24      63      62      43      47      27      25      22      20      18      46
2038      37      24      63      62      43      47      27      25      22      20      18      46
2039      37      24      63      62      43      47      27      25      22      20      18      46
**** Planta:  135 P. ESTRELA   Penal:    376.48459
A~no ......1 ......2 ......3 ......4 ......5 ......6 ......7 ......8 ......9 .....10 .....11 .....12
2025      44      45      73      49      50      54      33      10      16      10      28      53
2026      44      45      73      49      50      54      33      10      16      10      28      53
2027      44      45      73      49      50      54      33      10      16      10      28      53
2028      44      45      73      49      50      54      33      10      16      10      28      53
2029      44      45      73      49      50      54      33      10      16      10      28      53
2030      44      45      73      49      50      54      33      10      16      10      28      53
2031      44      45      73      49      50      54      33      10      16      10      28      53
2032      44      45      73      49      50      54      33      10      16      10      28      53
2033      44      45      73      49      50      54      33      10      16      10      28      53
2034      44      45      73      49      50      54      33      10      16      10      28      53
2035      44      45      73      49      50      54      33      10      16      10      28      53
2036      44      45      73      49      50      54      33      10      16      10      28      53
2037      44      45      73      49      50      54      33      10      16      10      28      53
2038      44      45      73      49      50      54      33      10      16      10      28      53
2039      44      45      73      49      50      54      33      10      16      10      28      53
**** Planta:  139 CANDONGA     Penal:    554.13103
A~no ......1 ......2 ......3 ......4 ......5 ......6 ......7 ......8 ......9 .....10 .....11 .....12
2025      58      58      58      58      58      58      58      58      58      58      58      58
2026      58      58      58      58      58      58      58      58      58      58      58      58
2027      58      58      58      58      58      58      58      58      58      58      58      58
2028      58      58      58      58      58      58      58      58      58      58      58      58
2029      58      58      58      58      58      58      58      58      58      58      58      58
2030      58      58      58      58      58      58      58      58      58      58      58      58
2031      58      58      58      58      58      58      58      58      58      58      58      58
2032      58      58      58      58      58      58      58      58      58      58      58      58
2033      58      58      58      58      58      58      58      58      58      58      58      58
2034      58      58      58      58      58      58      58      58      58      58      58      58
2035      58      58      58      58      58      58      58      58      58      58      58      58
2036      58      58      58      58      58      58      58      58      58      58      58      58
2037      58      58      58      58      58      58      58      58      58      58      58      58
2038      58      58      58      58      58      58      58      58      58      58      58      58
2039      58      58      58      58      58      58      58      58      58      58      58      58
**** Planta:  141 BAGUARI      Penal:          200
A~no ......1 ......2 ......3 ......4 ......5 ......6 ......7 ......8 ......9 .....10 .....11 .....12
2025     225     164     315     261     216     208     139     122     109     102     150     212
2026     225     164     315     261     216     208     139     122     109     102     150     212
2027     225     164     315     261     216     208     139     122     109     102     150     212
2028     225     164     315     261     216     208     139     122     109     102     150     212
2029     225     164     315     261     216     208     139     122     109     102     150     212
2030     225     164     315     261     216     208     139     122     109     102     150     212
2031     225     164     315     261     216     208     139     122     109     102     150     212
2032     225     164     315     261     216     208     139     122     109     102     150     212
2033     225     164     315     261     216     208     139     122     109     102     150     212
2034     225     164     315     261     216     208     139     122     109     102     150     212
2035     225     164     315     261     216     208     139     122     109     102     150     212
2036     225     164     315     261     216     208     139     122     109     102     150     212
2037     225     164     315     261     216     208     139     122     109     102     150     212
2038     225     164     315     261     216     208     139     122     109     102     150     212
2039     225     164     315     261     216     208     139     122     109     102     150     212
**** Planta:  143 AIMORES      Penal:          200
A~no ......1 ......2 ......3 ......4 ......5 ......6 ......7 ......8 ......9 .....10 .....11 .....12
2025     215     138     343     263     257     246     119     104      68      91     144     182
2026     215     138     343     263     257     246     119     104      68      91     144     182
2027     215     138     343     263     257     246     119     104      68      91     144     182
2028     215     138     343     263     257     246     119     104      68      91     144     182
2029     215     138     343     263     257     246     119     104      68      91     144     182
2030     215     138     343     263     257     246     119     104      68      91     144     182
2031     215     138     343     263     257     246     119     104      68      91     144     182
2032     215     138     343     263     257     246     119     104      68      91     144     182
2033     215     138     343     263     257     246     119     104      68      91     144     182
2034     215     138     343     263     257     246     119     104      68      91     144     182
2035     215     138     343     263     257     246     119     104      68      91     144     182
2036     215     138     343     263     257     246     119     104      68      91     144     182
2037     215     138     343     263     257     246     119     104      68      91     144     182
2038     215     138     343     263     257     246     119     104      68      91     144     182
2039     215     138     343     263     257     246     119     104      68      91     144     182
**** Planta:  144 MASCARENHAS  Penal:          200
A~no ......1 ......2 ......3 ......4 ......5 ......6 ......7 ......8 ......9 .....10 .....11 .....12
2025     336     246     476     371     316     324     211     210     210     210     210     273
2026     336     246     476     371     316     324     211     210     210     210     210     273
2027     336     246     476     371     316     324     211     210     210     210     210     273
2028     336     246     476     371     316     324     211     210     210     210     210     273
2029     336     246     476     371     316     324     211     210     210     210     210     273
2030     336     246     476     371     316     324     211     210     210     210     210     273
2031     336     246     476     371     316     324     211     210     210     210     210     273
2032     336     246     476     371     316     324     211     210     210     210     210     273
2033     336     246     476     371     316     324     211     210     210     210     210     273
2034     336     246     476     371     316     324     211     210     210     210     210     273
2035     336     246     476     371     316     324     211     210     210     210     210     273
2036     336     246     476     371     316     324     211     210     210     210     210     273
2037     336     246     476     371     316     324     211     210     210     210     210     273
2038     336     246     476     371     316     324     211     210     210     210     210     273
2039     336     246     476     371     316     324     211     210     210     210     210     273
**** Planta:  145 SUICA        Penal:    52.947748
A~no ......1 ......2 ......3 ......4 ......5 ......6 ......7 ......8 ......9 .....10 .....11 .....12
2025       1       1       1       1       1       1       1       1       1       1       1       1
2026       1       1       1       1       1       1       1       1       1       1       1       1
2027       1       1       1       1       1       1       1       1       1       1       1       1
2028       1       1       1       1       1       1       1       1       1       1       1       1
2029       1       1       1       1       1       1       1       1       1       1       1       1
2030       1       1       1       1       1       1       1       1       1       1       1       1
2031       1       1       1       1       1       1       1       1       1       1       1       1
2032       1       1       1       1       1       1       1       1       1       1       1       1
2033       1       1       1       1       1       1       1       1       1       1       1       1
2034       1       1       1       1       1       1       1       1       1       1       1       1
2035       1       1       1       1       1       1       1       1       1       1       1       1
2036       1       1       1       1       1       1       1       1       1       1       1       1
2037       1       1       1       1       1       1       1       1       1       1       1       1
2038       1       1       1       1       1       1       1       1       1       1       1       1
2039       1       1       1       1       1       1       1       1       1       1       1       1
2040       1       1       1       1       1       1       1       1       1       1       1       1
**** Planta:  148 IRAPE        Penal:    689.99459
A~no ......1 ......2 ......3 ......4 ......5 ......6 ......7 ......8 ......9 .....10 .....11 .....12
2025      48      48      48      48      48      48      48      48      48      48      48      48
2026      48      48      48      48      48      48      48      48      48      48      48      48
2027      48      48      48      48      48      48      48      48      48      48      48      48
2028      48      48      48      48      48      48      48      48      48      48      48      48
2029      48      48      48      48      48      48      48      48      48      48      48      48
2030      48      48      48      48      48      48      48      48      48      48      48      48
2031      48      48      48      48      48      48      48      48      48      48      48      48
2032      48      48      48      48      48      48      48      48      48      48      48      48
2033      48      48      48      48      48      48      48      48      48      48      48      48
2034      48      48      48      48      48      48      48      48      48      48      48      48
2035      48      48      48      48      48      48      48      48      48      48      48      48
2036      48      48      48      48      48      48      48      48      48      48      48      48
2037      48      48      48      48      48      48      48      48      48      48      48      48
2038      48      48      48      48      48      48      48      48      48      48      48      48
2039      48      48      48      48      48      48      48      48      48      48      48      48
**** Planta:  155 RETIRO BAIXO Penal:    422.04629
A~no ......1 ......2 ......3 ......4 ......5 ......6 ......7 ......8 ......9 .....10 .....11 .....12
2025   27.67   27.67   27.67   27.67   27.67   27.67   27.67   27.67   27.67   27.67   27.67   27.67
2026   27.67   27.67   27.67   27.67   27.67   27.67   27.67   27.67   27.67   27.67   27.67   27.67
2027   27.67   27.67   27.67   27.67   27.67   27.67   27.67   27.67   27.67   27.67   27.67   27.67
2028   27.67   27.67   27.67   27.67   27.67   27.67   27.67   27.67   27.67   27.67   27.67   27.67
2029   27.67   27.67   27.67   27.67   27.67   27.67   27.67   27.67   27.67   27.67   27.67   27.67
2030   27.67   27.67   27.67   27.67   27.67   27.67   27.67   27.67   27.67   27.67   27.67   27.67
2031   27.67   27.67   27.67   27.67   27.67   27.67   27.67   27.67   27.67   27.67   27.67   27.67
2032   27.67   27.67   27.67   27.67   27.67   27.67   27.67   27.67   27.67   27.67   27.67   27.67
2033   27.67   27.67   27.67   27.67   27.67   27.67   27.67   27.67   27.67   27.67   27.67   27.67
2034   27.67   27.67   27.67   27.67   27.67   27.67   27.67   27.67   27.67   27.67   27.67   27.67
2035   27.67   27.67   27.67   27.67   27.67   27.67   27.67   27.67   27.67   27.67   27.67   27.67
2036   27.67   27.67   27.67   27.67   27.67   27.67   27.67   27.67   27.67   27.67   27.67   27.67
2037   27.67   27.67   27.67   27.67   27.67   27.67   27.67   27.67   27.67   27.67   27.67   27.67
2038   27.67   27.67   27.67   27.67   27.67   27.67   27.67   27.67   27.67   27.67   27.67   27.67
2039   27.67   27.67   27.67   27.67   27.67   27.67   27.67   27.67   27.67   27.67   27.67   27.67
**** Planta:  156 TRES MARIAS  Penal:    849.23814
A~no ......1 ......2 ......3 ......4 ......5 ......6 ......7 ......8 ......9 .....10 .....11 .....12
2025     150     150     150     150     150     150     150     150     150     150     150     150
2026     150     150     150     150     150     150     150     150     150     150     150     150
2027     150     150     150     150     150     150     150     150     150     150     150     150
2028     150     150     150     150     150     150     150     150     150     150     150     150
2029     150     150     150     150     150     150     150     150     150     150     150     150
2030     150     150     150     150     150     150     150     150     150     150     150     150
2031     150     150     150     150     150     150     150     150     150     150     150     150
2032     150     150     150     150     150     150     150     150     150     150     150     150
2033     150     150     150     150     150     150     150     150     150     150     150     150
2034     150     150     150     150     150     150     150     150     150     150     150     150
2035     150     150     150     150     150     150     150     150     150     150     150     150
2036     150     150     150     150     150     150     150     150     150     150     150     150
2037     150     150     150     150     150     150     150     150     150     150     150     150
2038     150     150     150     150     150     150     150     150     150     150     150     150
2039     150     150     150     150     150     150     150     150     150     150     150     150
**** Planta:  162 QUEIMADO     Penal:    1261.6556
A~no ......1 ......2 ......3 ......4 ......5 ......6 ......7 ......8 ......9 .....10 .....11 .....12
2025     8.8     8.8     8.8     8.8      17      17      17      17      17      17     8.8     8.8
2026     8.8     8.8     8.8     8.8      17      17      17      17      17      17     8.8     8.8
2027     8.8     8.8     8.8     8.8      17      17      17      17      17      17     8.8     8.8
2028     8.8     8.8     8.8     8.8      17      17      17      17      17      17     8.8     8.8
2029     8.8     8.8     8.8     8.8      17      17      17      17      17      17     8.8     8.8
2030     8.8     8.8     8.8     8.8      17      17      17      17      17      17     8.8     8.8
2031     8.8     8.8     8.8     8.8      17      17      17      17      17      17     8.8     8.8
2032     8.8     8.8     8.8     8.8      17      17      17      17      17      17     8.8     8.8
2033     8.8     8.8     8.8     8.8      17      17      17      17      17      17     8.8     8.8
2034     8.8     8.8     8.8     8.8      17      17      17      17      17      17     8.8     8.8
2035     8.8     8.8     8.8     8.8      17      17      17      17      17      17     8.8     8.8
2036     8.8     8.8     8.8     8.8      17      17      17      17      17      17     8.8     8.8
2037     8.8     8.8     8.8     8.8      17      17      17      17      17      17     8.8     8.8
2038     8.8     8.8     8.8     8.8      17      17      17      17      17      17     8.8     8.8
2039     8.8     8.8     8.8     8.8      17      17      17      17      17      17     8.8     8.8
**** Planta:  185 BARRA BRAUNA Penal:    6.8333442
A~no ......1 ......2 ......3 ......4 ......5 ......6 ......7 ......8 ......9 .....10 .....11 .....12
2025      21      21      21      21      21      21      21      21      21      21      21      21
2026      21      21      21      21      21      21      21      21      21      21      21      21
2027      21      21      21      21      21      21      21      21      21      21      21      21
2028      21      21      21      21      21      21      21      21      21      21      21      21
2029      21      21      21      21      21      21      21      21      21      21      21      21
2030      21      21      21      21      21      21      21      21      21      21      21      21
2031      21      21      21      21      21      21      21      21      21      21      21      21
2032      21      21      21      21      21      21      21      21      21      21      21      21
2033      21      21      21      21      21      21      21      21      21      21      21      21
2034      21      21      21      21      21      21      21      21      21      21      21      21
2035      21      21      21      21      21      21      21      21      21      21      21      21
2036      21      21      21      21      21      21      21      21      21      21      21      21
2037      21      21      21      21      21      21      21      21      21      21      21      21
2038      21      21      21      21      21      21      21      21      21      21      21      21
2039      21      21      21      21      21      21      21      21      21      21      21      21
2040      21      21      21      21      21      21      21      21      21      21      21      21
**** Planta:  192 GUILMAN-AMOR Penal:    264.16381
A~no ......1 ......2 ......3 ......4 ......5 ......6 ......7 ......8 ......9 .....10 .....11 .....12
2025      30      24      41      24      20      25      20      20      20      20      26      27
2026      30      24      41      24      20      25      20      20      20      20      26      27
2027      30      24      41      24      20      25      20      20      20      20      26      27
2028      30      24      41      24      20      25      20      20      20      20      26      27
2029      30      24      41      24      20      25      20      20      20      20      26      27
2030      30      24      41      24      20      25      20      20      20      20      26      27
2031      30      24      41      24      20      25      20      20      20      20      26      27
2032      30      24      41      24      20      25      20      20      20      20      26      27
2033      30      24      41      24      20      25      20      20      20      20      26      27
2034      30      24      41      24      20      25      20      20      20      20      26      27
2035      30      24      41      24      20      25      20      20      20      20      26      27
2036      30      24      41      24      20      25      20      20      20      20      26      27
2037      30      24      41      24      20      25      20      20      20      20      26      27
2038      30      24      41      24      20      25      20      20      20      20      26      27
2039      30      24      41      24      20      25      20      20      20      20      26      27
**** Planta:  193 SA CARVALHO  Penal:          200
A~no ......1 ......2 ......3 ......4 ......5 ......6 ......7 ......8 ......9 .....10 .....11 .....12
2025      18      13      23      16      11      15      11      11       7       7      14      14
2026      18      13      23      16      11      15      11      11       7       7      14      14
2027      18      13      23      16      11      15      11      11       7       7      14      14
2028      18      13      23      16      11      15      11      11       7       7      14      14
2029      18      13      23      16      11      15      11      11       7       7      14      14
2030      18      13      23      16      11      15      11      11       7       7      14      14
2031      18      13      23      16      11      15      11      11       7       7      14      14
2032      18      13      23      16      11      15      11      11       7       7      14      14
2033      18      13      23      16      11      15      11      11       7       7      14      14
2034      18      13      23      16      11      15      11      11       7       7      14      14
2035      18      13      23      16      11      15      11      11       7       7      14      14
2036      18      13      23      16      11      15      11      11       7       7      14      14
2037      18      13      23      16      11      15      11      11       7       7      14      14
2038      18      13      23      16      11      15      11      11       7       7      14      14
2039      18      13      23      16      11      15      11      11       7       7      14      14
**** Planta:  195 JAURU        Penal:    680.90207
A~no ......1 ......2 ......3 ......4 ......5 ......6 ......7 ......8 ......9 .....10 .....11 .....12
2025      82      74      85      75      60      72      65      66      68      68      76      79
2026      82      74      85      75      60      72      65      66      68      68      76      79
2027      82      74      85      75      60      72      65      66      68      68      76      79
2028      82      74      85      75      60      72      65      66      68      68      76      79
2029      82      74      85      75      60      72      65      66      68      68      76      79
2030      82      74      85      75      60      72      65      66      68      68      76      79
2031      82      74      85      75      60      72      65      66      68      68      76      79
2032      82      74      85      75      60      72      65      66      68      68      76      79
2033      82      74      85      75      60      72      65      66      68      68      76      79
2034      82      74      85      75      60      72      65      66      68      68      76      79
2035      82      74      85      75      60      72      65      66      68      68      76      79
2036      82      74      85      75      60      72      65      66      68      68      76      79
2037      82      74      85      75      60      72      65      66      68      68      76      79
2038      82      74      85      75      60      72      65      66      68      68      76      79
2039      82      74      85      75      60      72      65      66      68      68      76      79
**** Planta:  196 GUAPORE      Penal:    2196.6402
A~no ......1 ......2 ......3 ......4 ......5 ......6 ......7 ......8 ......9 .....10 .....11 .....12
2025      39      35      39      39      30      30      28      28      27      30      32      35
2026      39      35      39      39      30      30      28      28      27      30      32      35
2027      39      35      39      39      30      30      28      28      27      30      32      35
2028      39      35      39      39      30      30      28      28      27      30      32      35
2029      39      35      39      39      30      30      28      28      27      30      32      35
2030      39      35      39      39      30      30      28      28      27      30      32      35
2031      39      35      39      39      30      30      28      28      27      30      32      35
2032      39      35      39      39      30      30      28      28      27      30      32      35
2033      39      35      39      39      30      30      28      28      27      30      32      35
2034      39      35      39      39      30      30      28      28      27      30      32      35
2035      39      35      39      39      30      30      28      28      27      30      32      35
2036      39      35      39      39      30      30      28      28      27      30      32      35
2037      39      35      39      39      30      30      28      28      27      30      32      35
2038      39      35      39      39      30      30      28      28      27      30      32      35
2039      39      35      39      39      30      30      28      28      27      30      32      35
**** Planta:  217 ROSAL        Penal:    572.99872
A~no ......1 ......2 ......3 ......4 ......5 ......6 ......7 ......8 ......9 .....10 .....11 .....12
2025      23       9      23      23      19      16       6       1       2       3      27      18
2026      23       9      23      23      19      16       6       1       2       3      27      18
2027      23       9      23      23      19      16       6       1       2       3      27      18
2028      23       9      23      23      19      16       6       1       2       3      27      18
2029      23       9      23      23      19      16       6       1       2       3      27      18
2030      23       9      23      23      19      16       6       1       2       3      27      18
2031      23       9      23      23      19      16       6       1       2       3      27      18
2032      23       9      23      23      19      16       6       1       2       3      27      18
2033      23       9      23      23      19      16       6       1       2       3      27      18
2034      23       9      23      23      19      16       6       1       2       3      27      18
2035      23       9      23      23      19      16       6       1       2       3      27      18
2036      23       9      23      23      19      16       6       1       2       3      27      18
2037      23       9      23      23      19      16       6       1       2       3      27      18
2038      23       9      23      23      19      16       6       1       2       3      27      18
2039      23       9      23      23      19      16       6       1       2       3      27      18
**** Planta:  251 SERRA MESA   Penal:          200
A~no ......1 ......2 ......3 ......4 ......5 ......6 ......7 ......8 ......9 .....10 .....11 .....12
2025     328     342     100     100     100     300     303     300     302     318     313     315
2026     328     342     100     100     100     300     303     300     302     318     313     315
2027     328     342     100     100     100     300     303     300     302     318     313     315
2028     328     342     100     100     100     300     303     300     302     318     313     315
2029     328     342     100     100     100     300     303     300     302     318     313     315
2030     328     342     100     100     100     300     303     300     302     318     313     315
2031     328     342     100     100     100     300     303     300     302     318     313     315
2032     328     342     100     100     100     300     303     300     302     318     313     315
2033     328     342     100     100     100     300     303     300     302     318     313     315
2034     328     342     100     100     100     300     303     300     302     318     313     315
2035     328     342     100     100     100     300     303     300     302     318     313     315
2036     328     342     100     100     100     300     303     300     302     318     313     315
2037     328     342     100     100     100     300     303     300     302     318     313     315
2038     328     342     100     100     100     300     303     300     302     318     313     315
2039     328     342     100     100     100     300     303     300     302     318     313     315
**** Planta:  252 CANA BRAVA   Penal:          200
A~no ......1 ......2 ......3 ......4 ......5 ......6 ......7 ......8 ......9 .....10 .....11 .....12
2025     324     318      96      90      90      90     223     305     310     307     311     311
2026     324     318      96      90      90      90     223     305     310     307     311     311
2027     324     318      96      90      90      90     223     305     310     307     311     311
2028     324     318      96      90      90      90     223     305     310     307     311     311
2029     324     318      96      90      90      90     223     305     310     307     311     311
2030     324     318      96      90      90      90     223     305     310     307     311     311
2031     324     318      96      90      90      90     223     305     310     307     311     311
2032     324     318      96      90      90      90     223     305     310     307     311     311
2033     324     318      96      90      90      90     223     305     310     307     311     311
2034     324     318      96      90      90      90     223     305     310     307     311     311
2035     324     318      96      90      90      90     223     305     310     307     311     311
2036     324     318      96      90      90      90     223     305     310     307     311     311
2037     324     318      96      90      90      90     223     305     310     307     311     311
2038     324     318      96      90      90      90     223     305     310     307     311     311
2039     324     318      96      90      90      90     223     305     310     307     311     311
**** Planta:  253 SAO SALVADOR Penal:          200
A~no ......1 ......2 ......3 ......4 ......5 ......6 ......7 ......8 ......9 .....10 .....11 .....12
2025     379     288     254     201     199     197     296     324     304     308     324     290
2026     379     288     254     201     199     197     296     324     304     308     324     290
2027     379     288     254     201     199     197     296     324     304     308     324     290
2028     379     288     254     201     199     197     296     324     304     308     324     290
2029     379     288     254     201     199     197     296     324     304     308     324     290
2030     379     288     254     201     199     197     296     324     304     308     324     290
2031     379     288     254     201     199     197     296     324     304     308     324     290
2032     379     288     254     201     199     197     296     324     304     308     324     290
2033     379     288     254     201     199     197     296     324     304     308     324     290
2034     379     288     254     201     199     197     296     324     304     308     324     290
2035     379     288     254     201     199     197     296     324     304     308     324     290
2036     379     288     254     201     199     197     296     324     304     308     324     290
2037     379     288     254     201     199     197     296     324     304     308     324     290
2038     379     288     254     201     199     197     296     324     304     308     324     290
2039     379     288     254     201     199     197     296     324     304     308     324     290
**** Planta:  257 PEIXE ANGICA Penal:          200
A~no ......1 ......2 ......3 ......4 ......5 ......6 ......7 ......8 ......9 .....10 .....11 .....12
2025     419     408     691     610     401     400     478     484     484     504     564     360
2026     419     408     691     610     401     400     478     484     484     504     564     360
2027     419     408     691     610     401     400     478     484     484     504     564     360
2028     419     408     691     610     401     400     478     484     484     504     564     360
2029     419     408     691     610     401     400     478     484     484     504     564     360
2030     419     408     691     610     401     400     478     484     484     504     564     360
2031     419     408     691     610     401     400     478     484     484     504     564     360
2032     419     408     691     610     401     400     478     484     484     504     564     360
2033     419     408     691     610     401     400     478     484     484     504     564     360
2034     419     408     691     610     401     400     478     484     484     504     564     360
2035     419     408     691     610     401     400     478     484     484     504     564     360
2036     419     408     691     610     401     400     478     484     484     504     564     360
2037     419     408     691     610     401     400     478     484     484     504     564     360
2038     419     408     691     610     401     400     478     484     484     504     564     360
2039     419     408     691     610     401     400     478     484     484     504     564     360
**** Planta:  261 LAJEADO      Penal:          200
A~no ......1 ......2 ......3 ......4 ......5 ......6 ......7 ......8 ......9 .....10 .....11 .....12
2025     483     889    1249     761     605     609     431     313     255     285     631     597
2026     483     889    1249     761     605     609     431     313     255     285     631     597
2027     483     889    1249     761     605     609     431     313     255     285     631     597
2028     483     889    1249     761     605     609     431     313     255     285     631     597
2029     483     889    1249     761     605     609     431     313     255     285     631     597
2030     483     889    1249     761     605     609     431     313     255     285     631     597
2031     483     889    1249     761     605     609     431     313     255     285     631     597
2032     483     889    1249     761     605     609     431     313     255     285     631     597
2033     483     889    1249     761     605     609     431     313     255     285     631     597
2034     483     889    1249     761     605     609     431     313     255     285     631     597
2035     483     889    1249     761     605     609     431     313     255     285     631     597
2036     483     889    1249     761     605     609     431     313     255     285     631     597
2037     483     889    1249     761     605     609     431     313     255     285     631     597
2038     483     889    1249     761     605     609     431     313     255     285     631     597
2039     483     889    1249     761     605     609     431     313     255     285     631     597
**** Planta:  278 MANSO        Penal:    381.19097
A~no ......1 ......2 ......3 ......4 ......5 ......6 ......7 ......8 ......9 .....10 .....11 .....12
2025     127     124     121     122     126     117     119     119     121     131     133     123
2026     127     124     121     122     126     117     119     119     121     131     133     123
2027     127     124     121     122     126     117     119     119     121     131     133     123
2028     127     124     121     122     126     117     119     119     121     131     133     123
2029     127     124     121     122     126     117     119     119     121     131     133     123
2030     127     124     121     122     126     117     119     119     121     131     133     123
2031     127     124     121     122     126     117     119     119     121     131     133     123
2032     127     124     121     122     126     117     119     119     121     131     133     123
2033     127     124     121     122     126     117     119     119     121     131     133     123
2034     127     124     121     122     126     117     119     119     121     131     133     123
2035     127     124     121     122     126     117     119     119     121     131     133     123
2036     127     124     121     122     126     117     119     119     121     131     133     123
2037     127     124     121     122     126     117     119     119     121     131     133     123
2038     127     124     121     122     126     117     119     119     121     131     133     123
2039     127     124     121     122     126     117     119     119     121     131     133     123
**** Planta:  281 PONTE PEDRA  Penal:    1244.3257
A~no ......1 ......2 ......3 ......4 ......5 ......6 ......7 ......8 ......9 .....10 .....11 .....12
2025      67      77      68      50      46      57      56      56      45      47      70      75
2026      67      77      68      50      46      57      56      56      45      47      70      75
2027      67      77      68      50      46      57      56      56      45      47      70      75
2028      67      77      68      50      46      57      56      56      45      47      70      75
2029      67      77      68      50      46      57      56      56      45      47      70      75
2030      67      77      68      50      46      57      56      56      45      47      70      75
2031      67      77      68      50      46      57      56      56      45      47      70      75
2032      67      77      68      50      46      57      56      56      45      47      70      75
2033      67      77      68      50      46      57      56      56      45      47      70      75
2034      67      77      68      50      46      57      56      56      45      47      70      75
2035      67      77      68      50      46      57      56      56      45      47      70      75
2036      67      77      68      50      46      57      56      56      45      47      70      75
2037      67      77      68      50      46      57      56      56      45      47      70      75
2038      67      77      68      50      46      57      56      56      45      47      70      75
2039      67      77      68      50      46      57      56      56      45      47      70      75
**** Planta:  283 STA CLARA MG Penal:    326.05272
A~no ......1 ......2 ......3 ......4 ......5 ......6 ......7 ......8 ......9 .....10 .....11 .....12
2025      15       1      19      27       1      33       0       6       1       1       1      39
2026      15       1      19      27       1      33       0       6       1       1       1      39
2027      15       1      19      27       1      33       0       6       1       1       1      39
2028      15       1      19      27       1      33       0       6       1       1       1      39
2029      15       1      19      27       1      33       0       6       1       1       1      39
2030      15       1      19      27       1      33       0       6       1       1       1      39
2031      15       1      19      27       1      33       0       6       1       1       1      39
2032      15       1      19      27       1      33       0       6       1       1       1      39
2033      15       1      19      27       1      33       0       6       1       1       1      39
2034      15       1      19      27       1      33       0       6       1       1       1      39
2035      15       1      19      27       1      33       0       6       1       1       1      39
2036      15       1      19      27       1      33       0       6       1       1       1      39
2037      15       1      19      27       1      33       0       6       1       1       1      39
2038      15       1      19      27       1      33       0       6       1       1       1      39
2039      15       1      19      27       1      33       0       6       1       1       1      39
**** Planta:  304 ITIQUIRA 1   Penal:    1827.9378
A~no ......1 ......2 ......3 ......4 ......5 ......6 ......7 ......8 ......9 .....10 .....11 .....12
2025      57      75      72      50      44      58      17      21      42      48      61      29
2026      57      75      72      50      44      58      17      21      42      48      61      29
2027      57      75      72      50      44      58      17      21      42      48      61      29
2028      57      75      72      50      44      58      17      21      42      48      61      29
2029      57      75      72      50      44      58      17      21      42      48      61      29
2030      57      75      72      50      44      58      17      21      42      48      61      29
2031      57      75      72      50      44      58      17      21      42      48      61      29
2032      57      75      72      50      44      58      17      21      42      48      61      29
2033      57      75      72      50      44      58      17      21      42      48      61      29
2034      57      75      72      50      44      58      17      21      42      48      61      29
2035      57      75      72      50      44      58      17      21      42      48      61      29
2036      57      75      72      50      44      58      17      21      42      48      61      29
2037      57      75      72      50      44      58      17      21      42      48      61      29
2038      57      75      72      50      44      58      17      21      42      48      61      29
2039      57      75      72      50      44      58      17      21      42      48      61      29
**** Planta:  305 ITIQUIRA 2   Penal:     1012.802
A~no ......1 ......2 ......3 ......4 ......5 ......6 ......7 ......8 ......9 .....10 .....11 .....12
2025      58      89      51      48      45      62      40      40      43      49      63      40
2026      58      89      51      48      45      62      40      40      43      49      63      40
2027      58      89      51      48      45      62      40      40      43      49      63      40
2028      58      89      51      48      45      62      40      40      43      49      63      40
2029      58      89      51      48      45      62      40      40      43      49      63      40
2030      58      89      51      48      45      62      40      40      43      49      63      40
2031      58      89      51      48      45      62      40      40      43      49      63      40
2032      58      89      51      48      45      62      40      40      43      49      63      40
2033      58      89      51      48      45      62      40      40      43      49      63      40
2034      58      89      51      48      45      62      40      40      43      49      63      40
2035      58      89      51      48      45      62      40      40      43      49      63      40
2036      58      89      51      48      45      62      40      40      43      49      63      40
2037      58      89      51      48      45      62      40      40      43      49      63      40
2038      58      89      51      48      45      62      40      40      43      49      63      40
2039      58      89      51      48      45      62      40      40      43      49      63      40
**** Planta:  310 DARDANELOS   Penal:    1443.2315
A~no ......1 ......2 ......3 ......4 ......5 ......6 ......7 ......8 ......9 .....10 .....11 .....12
2025     240     296     291     260     198     247      67      51       8       5      76     290
2026     240     296     291     260     198     247      67      51       8       5      76     290
2027     240     296     291     260     198     247      67      51       8       5      76     290
2028     240     296     291     260     198     247      67      51       8       5      76     290
2029     240     296     291     260     198     247      67      51       8       5      76     290
2030     240     296     291     260     198     247      67      51       8       5      76     290
2031     240     296     291     260     198     247      67      51       8       5      76     290
2032     240     296     291     260     198     247      67      51       8       5      76     290
2033     240     296     291     260     198     247      67      51       8       5      76     290
2034     240     296     291     260     198     247      67      51       8       5      76     290
2035     240     296     291     260     198     247      67      51       8       5      76     290
2036     240     296     291     260     198     247      67      51       8       5      76     290
2037     240     296     291     260     198     247      67      51       8       5      76     290
2038     240     296     291     260     198     247      67      51       8       5      76     290
2039     240     296     291     260     198     247      67      51       8       5      76     290
**** Planta: 1133 VERTSANTA    Penal:    396.55017
A~no ......1 ......2 ......3 ......4 ......5 ......6 ......7 ......8 ......9 .....10 .....11 .....12
2025      71      71      71      71      71      71      71      71      71      71      71      71
2026      71      71      71      71      71      71      71      71      71      71      71      71
2027      71      71      71      71      71      71      71      71      71      71      71      71
2028      71      71      71      71      71      71      71      71      71      71      71      71
2029      71      71      71      71      71      71      71      71      71      71      71      71
2030      71      71      71      71      71      71      71      71      71      71      71      71
2031      71      71      71      71      71      71      71      71      71      71      71      71
2032      71      71      71      71      71      71      71      71      71      71      71      71
2033      71      71      71      71      71      71      71      71      71      71      71      71
2034      71      71      71      71      71      71      71      71      71      71      71      71
2035      71      71      71      71      71      71      71      71      71      71      71      71
2036      71      71      71      71      71      71      71      71      71      71      71      71
2037      71      71      71      71      71      71      71      71      71      71      71      71
2038      71      71      71      71      71      71      71      71      71      71      71      71
2039      71      71      71      71      71      71      71      71      71      71      71      71
