**** Planta:    1 CAMARGOS     Penal:    3102.9723
A~no ......1 ......2 ......3 ......4 ......5 ......6 ......7 ......8 ......9 .....10 .....11 .....12
2025      79      94      85      78      68      44      45      49      46      94     153      68
2026      79      94      85      78      68      44      45      49      46      94     153      68
2027      79      94      85      78      68      44      45      49      46      94     153      68
2028      79      94      85      78      68      44      45      49      46      94     153      68
2029      79      94      85      78      68      44      45      49      46      94     153      68
2030      79      94      85      78      68      44      45      49      46      94     153      68
2031      79      94      85      78      68      44      45      49      46      94     153      68
2032      79      94      85      78      68      44      45      49      46      94     153      68
2033      79      94      85      78      68      44      45      49      46      94     153      68
2034      79      94      85      78      68      44      45      49      46      94     153      68
2035      79      94      85      78      68      44      45      49      46      94     153      68
2036      79      94      85      78      68      44      45      49      46      94     153      68
2037      79      94      85      78      68      44      45      49      46      94     153      68
2038      79      94      85      78      68      44      45      49      46      94     153      68
2039      79      94      85      78      68      44      45      49      46      94     153      68
**** Planta:    2 ITUTINGA     Penal:    2450.3822
A~no ......1 ......2 ......3 ......4 ......5 ......6 ......7 ......8 ......9 .....10 .....11 .....12
2025      85     104      94      87      73      53      54      57      51      94     162      74
2026      85     104      94      87      73      53      54      57      51      94     162      74
2027      85     104      94      87      73      53      54      57      51      94     162      74
2028      85     104      94      87      73      53      54      57      51      94     162      74
2029      85     104      94      87      73      53      54      57      51      94     162      74
2030      85     104      94      87      73      53      54      57      51      94     162      74
2031      85     104      94      87      73      53      54      57      51      94     162      74
2032      85     104      94      87      73      53      54      57      51      94     162      74
2033      85     104      94      87      73      53      54      57      51      94     162      74
2034      85     104      94      87      73      53      54      57      51      94     162      74
2035      85     104      94      87      73      53      54      57      51      94     162      74
2036      85     104      94      87      73      53      54      57      51      94     162      74
2037      85     104      94      87      73      53      54      57      51      94     162      74
2038      85     104      94      87      73      53      54      57      51      94     162      74
2039      85     104      94      87      73      53      54      57      51      94     162      74
**** Planta:    4 FUNIL GRANDE Penal:    1284.3099
A~no ......1 ......2 ......3 ......4 ......5 ......6 ......7 ......8 ......9 .....10 .....11 .....12
2025     258     288     242     153     113      94      85      98      76     167     233     275
2026     258     288     242     153     113      94      85      98      76     167     233     275
2027     258     288     242     153     113      94      85      98      76     167     233     275
2028     258     288     242     153     113      94      85      98      76     167     233     275
2029     258     288     242     153     113      94      85      98      76     167     233     275
2030     258     288     242     153     113      94      85      98      76     167     233     275
2031     258     288     242     153     113      94      85      98      76     167     233     275
2032     258     288     242     153     113      94      85      98      76     167     233     275
2033     258     288     242     153     113      94      85      98      76     167     233     275
2034     258     288     242     153     113      94      85      98      76     167     233     275
2035     258     288     242     153     113      94      85      98      76     167     233     275
2036     258     288     242     153     113      94      85      98      76     167     233     275
2037     258     288     242     153     113      94      85      98      76     167     233     275
2038     258     288     242     153     113      94      85      98      76     167     233     275
2039     258     288     242     153     113      94      85      98      76     167     233     275
**** Planta:    6 FURNAS       Penal:          200
A~no ......1 ......2 ......3 ......4 ......5 ......6 ......7 ......8 ......9 .....10 .....11 .....12
2025     174     134     135     136     133     173     171     151     192     131     151     171
2026     174     134     135     136     133     173     171     151     192     131     151     171
2027     174     134     135     136     133     173     171     151     192     131     151     171
2028     174     134     135     136     133     173     171     151     192     131     151     171
2029     174     134     135     136     133     173     171     151     192     131     151     171
2030     174     134     135     136     133     173     171     151     192     131     151     171
2031     174     134     135     136     133     173     171     151     192     131     151     171
2032     174     134     135     136     133     173     171     151     192     131     151     171
2033     174     134     135     136     133     173     171     151     192     131     151     171
2034     174     134     135     136     133     173     171     151     192     131     151     171
2035     174     134     135     136     133     173     171     151     192     131     151     171
2036     174     134     135     136     133     173     171     151     192     131     151     171
2037     174     134     135     136     133     173     171     151     192     131     151     171
2038     174     134     135     136     133     173     171     151     192     131     151     171
2039     174     134     135     136     133     173     171     151     192     131     151     171
**** Planta:    7 MASC. MORAES Penal:          200
A~no ......1 ......2 ......3 ......4 ......5 ......6 ......7 ......8 ......9 .....10 .....11 .....12
2025     288     497     278     270     263     149     275     228     155     224     218     253
2026     288     497     278     270     263     149     275     228     155     224     218     253
2027     288     497     278     270     263     149     275     228     155     224     218     253
2028     288     497     278     270     263     149     275     228     155     224     218     253
2029     288     497     278     270     263     149     275     228     155     224     218     253
2030     288     497     278     270     263     149     275     228     155     224     218     253
2031     288     497     278     270     263     149     275     228     155     224     218     253
2032     288     497     278     270     263     149     275     228     155     224     218     253
2033     288     497     278     270     263     149     275     228     155     224     218     253
2034     288     497     278     270     263     149     275     228     155     224     218     253
2035     288     497     278     270     263     149     275     228     155     224     218     253
2036     288     497     278     270     263     149     275     228     155     224     218     253
2037     288     497     278     270     263     149     275     228     155     224     218     253
2038     288     497     278     270     263     149     275     228     155     224     218     253
2039     288     497     278     270     263     149     275     228     155     224     218     253
**** Planta:    8 ESTREITO GDE Penal:          200
A~no ......1 ......2 ......3 ......4 ......5 ......6 ......7 ......8 ......9 .....10 .....11 .....12
2025     223     222     217     250     231     190     176     199     175     198     171     198
2026     223     222     217     250     231     190     176     199     175     198     171     198
2027     223     222     217     250     231     190     176     199     175     198     171     198
2028     223     222     217     250     231     190     176     199     175     198     171     198
2029     223     222     217     250     231     190     176     199     175     198     171     198
2030     223     222     217     250     231     190     176     199     175     198     171     198
2031     223     222     217     250     231     190     176     199     175     198     171     198
2032     223     222     217     250     231     190     176     199     175     198     171     198
2033     223     222     217     250     231     190     176     199     175     198     171     198
2034     223     222     217     250     231     190     176     199     175     198     171     198
2035     223     222     217     250     231     190     176     199     175     198     171     198
2036     223     222     217     250     231     190     176     199     175     198     171     198
2037     223     222     217     250     231     190     176     199     175     198     171     198
2038     223     222     217     250     231     190     176     199     175     198     171     198
2039     223     222     217     250     231     190     176     199     175     198     171     198
**** Planta:    9 JAGUARA      Penal:          200
A~no ......1 ......2 ......3 ......4 ......5 ......6 ......7 ......8 ......9 .....10 .....11 .....12
2025     274     240     202     227     222     207     221     213     229     459     409     273
2026     274     240     202     227     222     207     221     213     229     459     409     273
2027     274     240     202     227     222     207     221     213     229     459     409     273
2028     274     240     202     227     222     207     221     213     229     459     409     273
2029     274     240     202     227     222     207     221     213     229     459     409     273
2030     274     240     202     227     222     207     221     213     229     459     409     273
2031     274     240     202     227     222     207     221     213     229     459     409     273
2032     274     240     202     227     222     207     221     213     229     459     409     273
2033     274     240     202     227     222     207     221     213     229     459     409     273
2034     274     240     202     227     222     207     221     213     229     459     409     273
2035     274     240     202     227     222     207     221     213     229     459     409     273
2036     274     240     202     227     222     207     221     213     229     459     409     273
2037     274     240     202     227     222     207     221     213     229     459     409     273
2038     274     240     202     227     222     207     221     213     229     459     409     273
2039     274     240     202     227     222     207     221     213     229     459     409     273
**** Planta:   10 IGARAPAVA    Penal:          200
A~no ......1 ......2 ......3 ......4 ......5 ......6 ......7 ......8 ......9 .....10 .....11 .....12
2025     338     325     246     271     262     220     254     288     272     389     484     405
2026     338     325     246     271     262     220     254     288     272     389     484     405
2027     338     325     246     271     262     220     254     288     272     389     484     405
2028     338     325     246     271     262     220     254     288     272     389     484     405
2029     338     325     246     271     262     220     254     288     272     389     484     405
2030     338     325     246     271     262     220     254     288     272     389     484     405
2031     338     325     246     271     262     220     254     288     272     389     484     405
2032     338     325     246     271     262     220     254     288     272     389     484     405
2033     338     325     246     271     262     220     254     288     272     389     484     405
2034     338     325     246     271     262     220     254     288     272     389     484     405
2035     338     325     246     271     262     220     254     288     272     389     484     405
2036     338     325     246     271     262     220     254     288     272     389     484     405
2037     338     325     246     271     262     220     254     288     272     389     484     405
2038     338     325     246     271     262     220     254     288     272     389     484     405
2039     338     325     246     271     262     220     254     288     272     389     484     405
**** Planta:   11 VOLTA GRANDE Penal:          200
A~no ......1 ......2 ......3 ......4 ......5 ......6 ......7 ......8 ......9 .....10 .....11 .....12
2025     281     292     236     206     244     230     232     243     216     236     246     372
2026     281     292     236     206     244     230     232     243     216     236     246     372
2027     281     292     236     206     244     230     232     243     216     236     246     372
2028     281     292     236     206     244     230     232     243     216     236     246     372
2029     281     292     236     206     244     230     232     243     216     236     246     372
2030     281     292     236     206     244     230     232     243     216     236     246     372
2031     281     292     236     206     244     230     232     243     216     236     246     372
2032     281     292     236     206     244     230     232     243     216     236     246     372
2033     281     292     236     206     244     230     232     243     216     236     246     372
2034     281     292     236     206     244     230     232     243     216     236     246     372
2035     281     292     236     206     244     230     232     243     216     236     246     372
2036     281     292     236     206     244     230     232     243     216     236     246     372
2037     281     292     236     206     244     230     232     243     216     236     246     372
2038     281     292     236     206     244     230     232     243     216     236     246     372
2039     281     292     236     206     244     230     232     243     216     236     246     372
**** Planta:   12 P. COLOMBIA  Penal:          200
A~no ......1 ......2 ......3 ......4 ......5 ......6 ......7 ......8 ......9 .....10 .....11 .....12
2025     361     300     196     198     190     224     241     264     195     199     243     302
2026     361     300     196     198     190     224     241     264     195     199     243     302
2027     361     300     196     198     190     224     241     264     195     199     243     302
2028     361     300     196     198     190     224     241     264     195     199     243     302
2029     361     300     196     198     190     224     241     264     195     199     243     302
2030     361     300     196     198     190     224     241     264     195     199     243     302
2031     361     300     196     198     190     224     241     264     195     199     243     302
2032     361     300     196     198     190     224     241     264     195     199     243     302
2033     361     300     196     198     190     224     241     264     195     199     243     302
2034     361     300     196     198     190     224     241     264     195     199     243     302
2035     361     300     196     198     190     224     241     264     195     199     243     302
2036     361     300     196     198     190     224     241     264     195     199     243     302
2037     361     300     196     198     190     224     241     264     195     199     243     302
2038     361     300     196     198     190     224     241     264     195     199     243     302
2039     361     300     196     198     190     224     241     264     195     199     243     302
**** Planta:   14 CACONDE      Penal:    1542.7467
A~no ......1 ......2 ......3 ......4 ......5 ......6 ......7 ......8 ......9 .....10 .....11 .....12
2025      33      33      32      32      32      33      32      32      32      32      32      32
2026      33      33      32      32      32      33      32      32      32      32      32      32
2027      33      33      32      32      32      33      32      32      32      32      32      32
2028      33      33      32      32      32      33      32      32      32      32      32      32
2029      33      33      32      32      32      33      32      32      32      32      32      32
2030      33      33      32      32      32      33      32      32      32      32      32      32
2031      33      33      32      32      32      33      32      32      32      32      32      32
2032      33      33      32      32      32      33      32      32      32      32      32      32
2033      33      33      32      32      32      33      32      32      32      32      32      32
2034      33      33      32      32      32      33      32      32      32      32      32      32
2035      33      33      32      32      32      33      32      32      32      32      32      32
2036      33      33      32      32      32      33      32      32      32      32      32      32
2037      33      33      32      32      32      33      32      32      32      32      32      32
2038      33      33      32      32      32      33      32      32      32      32      32      32
2039      33      33      32      32      32      33      32      32      32      32      32      32
**** Planta:   15 EUCLID CUNHA Penal:    548.10797
A~no ......1 ......2 ......3 ......4 ......5 ......6 ......7 ......8 ......9 .....10 .....11 .....12
2025      65      61      52      43      32      43      37      29      23      38      31      57
2026      65      61      52      43      32      43      37      29      23      38      31      57
2027      65      61      52      43      32      43      37      29      23      38      31      57
2028      65      61      52      43      32      43      37      29      23      38      31      57
2029      65      61      52      43      32      43      37      29      23      38      31      57
2030      65      61      52      43      32      43      37      29      23      38      31      57
2031      65      61      52      43      32      43      37      29      23      38      31      57
2032      65      61      52      43      32      43      37      29      23      38      31      57
2033      65      61      52      43      32      43      37      29      23      38      31      57
2034      65      61      52      43      32      43      37      29      23      38      31      57
2035      65      61      52      43      32      43      37      29      23      38      31      57
2036      65      61      52      43      32      43      37      29      23      38      31      57
2037      65      61      52      43      32      43      37      29      23      38      31      57
2038      65      61      52      43      32      43      37      29      23      38      31      57
2039      65      61      52      43      32      43      37      29      23      38      31      57
**** Planta:   16 A.S.OLIVEIRA Penal:     492.2148
A~no ......1 ......2 ......3 ......4 ......5 ......6 ......7 ......8 ......9 .....10 .....11 .....12
2025      57      55      49      40      22      41      32      28      21      40      28      54
2026      57      55      49      40      22      41      32      28      21      40      28      54
2027      57      55      49      40      22      41      32      28      21      40      28      54
2028      57      55      49      40      22      41      32      28      21      40      28      54
2029      57      55      49      40      22      41      32      28      21      40      28      54
2030      57      55      49      40      22      41      32      28      21      40      28      54
2031      57      55      49      40      22      41      32      28      21      40      28      54
2032      57      55      49      40      22      41      32      28      21      40      28      54
2033      57      55      49      40      22      41      32      28      21      40      28      54
2034      57      55      49      40      22      41      32      28      21      40      28      54
2035      57      55      49      40      22      41      32      28      21      40      28      54
2036      57      55      49      40      22      41      32      28      21      40      28      54
2037      57      55      49      40      22      41      32      28      21      40      28      54
2038      57      55      49      40      22      41      32      28      21      40      28      54
2039      57      55      49      40      22      41      32      28      21      40      28      54
**** Planta:   17 MARIMBONDO   Penal:          200
A~no ......1 ......2 ......3 ......4 ......5 ......6 ......7 ......8 ......9 .....10 .....11 .....12
2025     464     585     368     354     385     312     353     436     454     409     346     374
2026     464     585     368     354     385     312     353     436     454     409     346     374
2027     464     585     368     354     385     312     353     436     454     409     346     374
2028     464     585     368     354     385     312     353     436     454     409     346     374
2029     464     585     368     354     385     312     353     436     454     409     346     374
2030     464     585     368     354     385     312     353     436     454     409     346     374
2031     464     585     368     354     385     312     353     436     454     409     346     374
2032     464     585     368     354     385     312     353     436     454     409     346     374
2033     464     585     368     354     385     312     353     436     454     409     346     374
2034     464     585     368     354     385     312     353     436     454     409     346     374
2035     464     585     368     354     385     312     353     436     454     409     346     374
2036     464     585     368     354     385     312     353     436     454     409     346     374
2037     464     585     368     354     385     312     353     436     454     409     346     374
2038     464     585     368     354     385     312     353     436     454     409     346     374
2039     464     585     368     354     385     312     353     436     454     409     346     374
**** Planta:   18 A. VERMELHA  Penal:          200
A~no ......1 ......2 ......3 ......4 ......5 ......6 ......7 ......8 ......9 .....10 .....11 .....12
2025     859     748     941     859     400     924     958     967     750     786     711     812
2026     859     748     941     859     400     924     958     967     750     786     711     812
2027     859     748     941     859     400     924     958     967     750     786     711     812
2028     859     748     941     859     400     924     958     967     750     786     711     812
2029     859     748     941     859     400     924     958     967     750     786     711     812
2030     859     748     941     859     400     924     958     967     750     786     711     812
2031     859     748     941     859     400     924     958     967     750     786     711     812
2032     859     748     941     859     400     924     958     967     750     786     711     812
2033     859     748     941     859     400     924     958     967     750     786     711     812
2034     859     748     941     859     400     924     958     967     750     786     711     812
2035     859     748     941     859     400     924     958     967     750     786     711     812
2036     859     748     941     859     400     924     958     967     750     786     711     812
2037     859     748     941     859     400     924     958     967     750     786     711     812
2038     859     748     941     859     400     924     958     967     750     786     711     812
2039     859     748     941     859     400     924     958     967     750     786     711     812
**** Planta:   20 BATALHA      Penal:    1517.1075
A~no ......1 ......2 ......3 ......4 ......5 ......6 ......7 ......8 ......9 .....10 .....11 .....12
2025      45      41      61      74      50      37      76      54      35      23      35      32
2026      45      41      61      74      50      37      76      54      35      23      35      32
2027      45      41      61      74      50      37      76      54      35      23      35      32
2028      45      41      61      74      50      37      76      54      35      23      35      32
2029      45      41      61      74      50      37      76      54      35      23      35      32
2030      45      41      61      74      50      37      76      54      35      23      35      32
2031      45      41      61      74      50      37      76      54      35      23      35      32
2032      45      41      61      74      50      37      76      54      35      23      35      32
2033      45      41      61      74      50      37      76      54      35      23      35      32
2034      45      41      61      74      50      37      76      54      35      23      35      32
2035      45      41      61      74      50      37      76      54      35      23      35      32
2036      45      41      61      74      50      37      76      54      35      23      35      32
2037      45      41      61      74      50      37      76      54      35      23      35      32
2038      45      41      61      74      50      37      76      54      35      23      35      32
2039      45      41      61      74      50      37      76      54      35      23      35      32
**** Planta:   21 SERRA FACAO  Penal:    1011.6396
A~no ......1 ......2 ......3 ......4 ......5 ......6 ......7 ......8 ......9 .....10 .....11 .....12
2025      91      90      89      87      86       0      36     100      78     106      99      95
2026      91      90      89      87      86       0      36     100      78     106      99      95
2027      91      90      89      87      86       0      36     100      78     106      99      95
2028      91      90      89      87      86       0      36     100      78     106      99      95
2029      91      90      89      87      86       0      36     100      78     106      99      95
2030      91      90      89      87      86       0      36     100      78     106      99      95
2031      91      90      89      87      86       0      36     100      78     106      99      95
2032      91      90      89      87      86       0      36     100      78     106      99      95
2033      91      90      89      87      86       0      36     100      78     106      99      95
2034      91      90      89      87      86       0      36     100      78     106      99      95
2035      91      90      89      87      86       0      36     100      78     106      99      95
2036      91      90      89      87      86       0      36     100      78     106      99      95
2037      91      90      89      87      86       0      36     100      78     106      99      95
2038      91      90      89      87      86       0      36     100      78     106      99      95
2039      91      90      89      87      86       0      36     100      78     106      99      95
**** Planta:   24 EMBORCACAO   Penal:    626.95783
A~no ......1 ......2 ......3 ......4 ......5 ......6 ......7 ......8 ......9 .....10 .....11 .....12
2025     162     140     139     137     140     142     137     134     156     139     155     137
2026     162     140     139     137     140     142     137     134     156     139     155     137
2027     162     140     139     137     140     142     137     134     156     139     155     137
2028     162     140     139     137     140     142     137     134     156     139     155     137
2029     162     140     139     137     140     142     137     134     156     139     155     137
2030     162     140     139     137     140     142     137     134     156     139     155     137
2031     162     140     139     137     140     142     137     134     156     139     155     137
2032     162     140     139     137     140     142     137     134     156     139     155     137
2033     162     140     139     137     140     142     137     134     156     139     155     137
2034     162     140     139     137     140     142     137     134     156     139     155     137
2035     162     140     139     137     140     142     137     134     156     139     155     137
2036     162     140     139     137     140     142     137     134     156     139     155     137
2037     162     140     139     137     140     142     137     134     156     139     155     137
2038     162     140     139     137     140     142     137     134     156     139     155     137
2039     162     140     139     137     140     142     137     134     156     139     155     137
**** Planta:   25 NOVA PONTE   Penal:    565.18238
A~no ......1 ......2 ......3 ......4 ......5 ......6 ......7 ......8 ......9 .....10 .....11 .....12
2025     129     144     144      89      47      47     136     127      52      47     144     141
2026     129     144     144      89      47      47     136     127      52      47     144     141
2027     129     144     144      89      47      47     136     127      52      47     144     141
2028     129     144     144      89      47      47     136     127      52      47     144     141
2029     129     144     144      89      47      47     136     127      52      47     144     141
2030     129     144     144      89      47      47     136     127      52      47     144     141
2031     129     144     144      89      47      47     136     127      52      47     144     141
2032     129     144     144      89      47      47     136     127      52      47     144     141
2033     129     144     144      89      47      47     136     127      52      47     144     141
2034     129     144     144      89      47      47     136     127      52      47     144     141
2035     129     144     144      89      47      47     136     127      52      47     144     141
2036     129     144     144      89      47      47     136     127      52      47     144     141
2037     129     144     144      89      47      47     136     127      52      47     144     141
2038     129     144     144      89      47      47     136     127      52      47     144     141
2039     129     144     144      89      47      47     136     127      52      47     144     141
**** Planta:   26 MIRANDA      Penal:    567.68104
A~no ......1 ......2 ......3 ......4 ......5 ......6 ......7 ......8 ......9 .....10 .....11 .....12
2025     207     154     135     139     131     132     133     133     133     130     135     135
2026     207     154     135     139     131     132     133     133     133     130     135     135
2027     207     154     135     139     131     132     133     133     133     130     135     135
2028     207     154     135     139     131     132     133     133     133     130     135     135
2029     207     154     135     139     131     132     133     133     133     130     135     135
2030     207     154     135     139     131     132     133     133     133     130     135     135
2031     207     154     135     139     131     132     133     133     133     130     135     135
2032     207     154     135     139     131     132     133     133     133     130     135     135
2033     207     154     135     139     131     132     133     133     133     130     135     135
2034     207     154     135     139     131     132     133     133     133     130     135     135
2035     207     154     135     139     131     132     133     133     133     130     135     135
2036     207     154     135     139     131     132     133     133     133     130     135     135
2037     207     154     135     139     131     132     133     133     133     130     135     135
2038     207     154     135     139     131     132     133     133     133     130     135     135
2039     207     154     135     139     131     132     133     133     133     130     135     135
**** Planta:   27 CAPIM BRANC1 Penal:    501.66706
A~no ......1 ......2 ......3 ......4 ......5 ......6 ......7 ......8 ......9 .....10 .....11 .....12
2025     213     139     142     123     132      72     130     145     123     125     126     186
2026     213     139     142     123     132      72     130     145     123     125     126     186
2027     213     139     142     123     132      72     130     145     123     125     126     186
2028     213     139     142     123     132      72     130     145     123     125     126     186
2029     213     139     142     123     132      72     130     145     123     125     126     186
2030     213     139     142     123     132      72     130     145     123     125     126     186
2031     213     139     142     123     132      72     130     145     123     125     126     186
2032     213     139     142     123     132      72     130     145     123     125     126     186
2033     213     139     142     123     132      72     130     145     123     125     126     186
2034     213     139     142     123     132      72     130     145     123     125     126     186
2035     213     139     142     123     132      72     130     145     123     125     126     186
2036     213     139     142     123     132      72     130     145     123     125     126     186
2037     213     139     142     123     132      72     130     145     123     125     126     186
2038     213     139     142     123     132      72     130     145     123     125     126     186
2039     213     139     142     123     132      72     130     145     123     125     126     186
**** Planta:   28 CAPIM BRANC2 Penal:    435.37618
A~no ......1 ......2 ......3 ......4 ......5 ......6 ......7 ......8 ......9 .....10 .....11 .....12
2025     246     151     142     140     149      94     136     131     132     132     147     188
2026     246     151     142     140     149      94     136     131     132     132     147     188
2027     246     151     142     140     149      94     136     131     132     132     147     188
2028     246     151     142     140     149      94     136     131     132     132     147     188
2029     246     151     142     140     149      94     136     131     132     132     147     188
2030     246     151     142     140     149      94     136     131     132     132     147     188
2031     246     151     142     140     149      94     136     131     132     132     147     188
2032     246     151     142     140     149      94     136     131     132     132     147     188
2033     246     151     142     140     149      94     136     131     132     132     147     188
2034     246     151     142     140     149      94     136     131     132     132     147     188
2035     246     151     142     140     149      94     136     131     132     132     147     188
2036     246     151     142     140     149      94     136     131     132     132     147     188
2037     246     151     142     140     149      94     136     131     132     132     147     188
2038     246     151     142     140     149      94     136     131     132     132     147     188
2039     246     151     142     140     149      94     136     131     132     132     147     188
**** Planta:   29 CORUMBA IV   Penal:          200
A~no ......1 ......2 ......3 ......4 ......5 ......6 ......7 ......8 ......9 .....10 .....11 .....12
2025       0       3       0       0       0       0       9       0       0      15      24       0
2026       0       3       0       0       0       0       9       0       0      15      24       0
2027       0       3       0       0       0       0       9       0       0      15      24       0
2028       0       3       0       0       0       0       9       0       0      15      24       0
2029       0       3       0       0       0       0       9       0       0      15      24       0
2030       0       3       0       0       0       0       9       0       0      15      24       0
2031       0       3       0       0       0       0       9       0       0      15      24       0
2032       0       3       0       0       0       0       9       0       0      15      24       0
2033       0       3       0       0       0       0       9       0       0      15      24       0
2034       0       3       0       0       0       0       9       0       0      15      24       0
2035       0       3       0       0       0       0       9       0       0      15      24       0
2036       0       3       0       0       0       0       9       0       0      15      24       0
2037       0       3       0       0       0       0       9       0       0      15      24       0
2038       0       3       0       0       0       0       9       0       0      15      24       0
2039       0       3       0       0       0       0       9       0       0      15      24       0
**** Planta:   30 CORUMBA I    Penal:      685.682
A~no ......1 ......2 ......3 ......4 ......5 ......6 ......7 ......8 ......9 .....10 .....11 .....12
2025     140     130     160     153     122     127     129     133     142     148     138     173
2026     140     130     160     153     122     127     129     133     142     148     138     173
2027     140     130     160     153     122     127     129     133     142     148     138     173
2028     140     130     160     153     122     127     129     133     142     148     138     173
2029     140     130     160     153     122     127     129     133     142     148     138     173
2030     140     130     160     153     122     127     129     133     142     148     138     173
2031     140     130     160     153     122     127     129     133     142     148     138     173
2032     140     130     160     153     122     127     129     133     142     148     138     173
2033     140     130     160     153     122     127     129     133     142     148     138     173
2034     140     130     160     153     122     127     129     133     142     148     138     173
2035     140     130     160     153     122     127     129     133     142     148     138     173
2036     140     130     160     153     122     127     129     133     142     148     138     173
2037     140     130     160     153     122     127     129     133     142     148     138     173
2038     140     130     160     153     122     127     129     133     142     148     138     173
2039     140     130     160     153     122     127     129     133     142     148     138     173
**** Planta:   31 ITUMBIARA    Penal:          200
A~no ......1 ......2 ......3 ......4 ......5 ......6 ......7 ......8 ......9 .....10 .....11 .....12
2025     244     357     356     322     342      70      70      79      70      70      70     114
2026     244     357     356     322     342      70      70      79      70      70      70     114
2027     244     357     356     322     342      70      70      79      70      70      70     114
2028     244     357     356     322     342      70      70      79      70      70      70     114
2029     244     357     356     322     342      70      70      79      70      70      70     114
2030     244     357     356     322     342      70      70      79      70      70      70     114
2031     244     357     356     322     342      70      70      79      70      70      70     114
2032     244     357     356     322     342      70      70      79      70      70      70     114
2033     244     357     356     322     342      70      70      79      70      70      70     114
2034     244     357     356     322     342      70      70      79      70      70      70     114
2035     244     357     356     322     342      70      70      79      70      70      70     114
2036     244     357     356     322     342      70      70      79      70      70      70     114
2037     244     357     356     322     342      70      70      79      70      70      70     114
2038     244     357     356     322     342      70      70      79      70      70      70     114
2039     244     357     356     322     342      70      70      79      70      70      70     114
**** Planta:   32 CACH DOURADA Penal:          200
A~no ......1 ......2 ......3 ......4 ......5 ......6 ......7 ......8 ......9 .....10 .....11 .....12
2025     220     246     211     211     297     205     283     245     241     152     218     227
2026     220     246     211     211     297     205     283     245     241     152     218     227
2027     220     246     211     211     297     205     283     245     241     152     218     227
2028     220     246     211     211     297     205     283     245     241     152     218     227
2029     220     246     211     211     297     205     283     245     241     152     218     227
2030     220     246     211     211     297     205     283     245     241     152     218     227
2031     220     246     211     211     297     205     283     245     241     152     218     227
2032     220     246     211     211     297     205     283     245     241     152     218     227
2033     220     246     211     211     297     205     283     245     241     152     218     227
2034     220     246     211     211     297     205     283     245     241     152     218     227
2035     220     246     211     211     297     205     283     245     241     152     218     227
2036     220     246     211     211     297     205     283     245     241     152     218     227
2037     220     246     211     211     297     205     283     245     241     152     218     227
2038     220     246     211     211     297     205     283     245     241     152     218     227
2039     220     246     211     211     297     205     283     245     241     152     218     227
**** Planta:   33 SAO SIMAO    Penal:          200
A~no ......1 ......2 ......3 ......4 ......5 ......6 ......7 ......8 ......9 .....10 .....11 .....12
2025    1018    1014     996    1021    1064     946     991    1023    1190    1026    1074    1003
2026    1018    1014     996    1021    1064     946     991    1023    1190    1026    1074    1003
2027    1018    1014     996    1021    1064     946     991    1023    1190    1026    1074    1003
2028    1018    1014     996    1021    1064     946     991    1023    1190    1026    1074    1003
2029    1018    1014     996    1021    1064     946     991    1023    1190    1026    1074    1003
2030    1018    1014     996    1021    1064     946     991    1023    1190    1026    1074    1003
2031    1018    1014     996    1021    1064     946     991    1023    1190    1026    1074    1003
2032    1018    1014     996    1021    1064     946     991    1023    1190    1026    1074    1003
2033    1018    1014     996    1021    1064     946     991    1023    1190    1026    1074    1003
2034    1018    1014     996    1021    1064     946     991    1023    1190    1026    1074    1003
2035    1018    1014     996    1021    1064     946     991    1023    1190    1026    1074    1003
2036    1018    1014     996    1021    1064     946     991    1023    1190    1026    1074    1003
2037    1018    1014     996    1021    1064     946     991    1023    1190    1026    1074    1003
2038    1018    1014     996    1021    1064     946     991    1023    1190    1026    1074    1003
2039    1018    1014     996    1021    1064     946     991    1023    1190    1026    1074    1003
**** Planta:   34 _I. SOLTEIRA Penal:          200
A~no ......1 ......2 ......3 ......4 ......5 ......6 ......7 ......8 ......9 .....10 .....11 .....12
2025    2132    2167    2029    1978    2018    1971    2196    2371    2156    1935    2038    2082
2026    2132    2167    2029    1978    2018    1971    2196    2371    2156    1935    2038    2082
2027    2132    2167    2029    1978    2018    1971    2196    2371    2156    1935    2038    2082
2028    2132    2167    2029    1978    2018    1971    2196    2371    2156    1935    2038    2082
2029    2132    2167    2029    1978    2018    1971    2196    2371    2156    1935    2038    2082
2030    2132    2167    2029    1978    2018    1971    2196    2371    2156    1935    2038    2082
2031    2132    2167    2029    1978    2018    1971    2196    2371    2156    1935    2038    2082
2032    2132    2167    2029    1978    2018    1971    2196    2371    2156    1935    2038    2082
2033    2132    2167    2029    1978    2018    1971    2196    2371    2156    1935    2038    2082
2034    2132    2167    2029    1978    2018    1971    2196    2371    2156    1935    2038    2082
2035    2132    2167    2029    1978    2018    1971    2196    2371    2156    1935    2038    2082
2036    2132    2167    2029    1978    2018    1971    2196    2371    2156    1935    2038    2082
2037    2132    2167    2029    1978    2018    1971    2196    2371    2156    1935    2038    2082
2038    2132    2167    2029    1978    2018    1971    2196    2371    2156    1935    2038    2082
2039    2132    2167    2029    1978    2018    1971    2196    2371    2156    1935    2038    2082
**** Planta:   37 BARRA BONITA Penal:    456.40807
A~no ......1 ......2 ......3 ......4 ......5 ......6 ......7 ......8 ......9 .....10 .....11 .....12
2025      91      91      91      91      91      91      91      91      91      91      91      91
2026      91      91      91      91      91      91      91      91      91      91      91      91
2027      91      91      91      91      91      91      91      91      91      91      91      91
2028      91      91      91      91      91      91      91      91      91      91      91      91
2029      91      91      91      91      91      91      91      91      91      91      91      91
2030      91      91      91      91      91      91      91      91      91      91      91      91
2031      91      91      91      91      91      91      91      91      91      91      91      91
2032      91      91      91      91      91      91      91      91      91      91      91      91
2033      91      91      91      91      91      91      91      91      91      91      91      91
2034      91      91      91      91      91      91      91      91      91      91      91      91
2035      91      91      91      91      91      91      91      91      91      91      91      91
2036      91      91      91      91      91      91      91      91      91      91      91      91
2037      91      91      91      91      91      91      91      91      91      91      91      91
2038      91      91      91      91      91      91      91      91      91      91      91      91
2039      91      91      91      91      91      91      91      91      91      91      91      91
2040      91      91      91      91      91      91      91      91      91      91      91      91
**** Planta:   38 A.SOUZA LIMA Penal:    823.87152
A~no ......1 ......2 ......3 ......4 ......5 ......6 ......7 ......8 ......9 .....10 .....11 .....12
2025     259     193     178     103     106     186     103     168     179     339     150     220
2026     259     193     178     103     106     186     103     168     179     339     150     220
2027     259     193     178     103     106     186     103     168     179     339     150     220
2028     259     193     178     103     106     186     103     168     179     339     150     220
2029     259     193     178     103     106     186     103     168     179     339     150     220
2030     259     193     178     103     106     186     103     168     179     339     150     220
2031     259     193     178     103     106     186     103     168     179     339     150     220
2032     259     193     178     103     106     186     103     168     179     339     150     220
2033     259     193     178     103     106     186     103     168     179     339     150     220
2034     259     193     178     103     106     186     103     168     179     339     150     220
2035     259     193     178     103     106     186     103     168     179     339     150     220
2036     259     193     178     103     106     186     103     168     179     339     150     220
2037     259     193     178     103     106     186     103     168     179     339     150     220
2038     259     193     178     103     106     186     103     168     179     339     150     220
2039     259     193     178     103     106     186     103     168     179     339     150     220
**** Planta:   39 IBITINGA     Penal:    893.82248
A~no ......1 ......2 ......3 ......4 ......5 ......6 ......7 ......8 ......9 .....10 .....11 .....12
2025     403     213     249     169     165     171     148     142     205     496     167     313
2026     403     213     249     169     165     171     148     142     205     496     167     313
2027     403     213     249     169     165     171     148     142     205     496     167     313
2028     403     213     249     169     165     171     148     142     205     496     167     313
2029     403     213     249     169     165     171     148     142     205     496     167     313
2030     403     213     249     169     165     171     148     142     205     496     167     313
2031     403     213     249     169     165     171     148     142     205     496     167     313
2032     403     213     249     169     165     171     148     142     205     496     167     313
2033     403     213     249     169     165     171     148     142     205     496     167     313
2034     403     213     249     169     165     171     148     142     205     496     167     313
2035     403     213     249     169     165     171     148     142     205     496     167     313
2036     403     213     249     169     165     171     148     142     205     496     167     313
2037     403     213     249     169     165     171     148     142     205     496     167     313
2038     403     213     249     169     165     171     148     142     205     496     167     313
2039     403     213     249     169     165     171     148     142     205     496     167     313
**** Planta:   40 PROMISSAO    Penal:          200
A~no ......1 ......2 ......3 ......4 ......5 ......6 ......7 ......8 ......9 .....10 .....11 .....12
2025     177     171     169     164     167     175     167     173     178     265     177     243
2026     177     171     169     164     167     175     167     173     178     265     177     243
2027     177     171     169     164     167     175     167     173     178     265     177     243
2028     177     171     169     164     167     175     167     173     178     265     177     243
2029     177     171     169     164     167     175     167     173     178     265     177     243
2030     177     171     169     164     167     175     167     173     178     265     177     243
2031     177     171     169     164     167     175     167     173     178     265     177     243
2032     177     171     169     164     167     175     167     173     178     265     177     243
2033     177     171     169     164     167     175     167     173     178     265     177     243
2034     177     171     169     164     167     175     167     173     178     265     177     243
2035     177     171     169     164     167     175     167     173     178     265     177     243
2036     177     171     169     164     167     175     167     173     178     265     177     243
2037     177     171     169     164     167     175     167     173     178     265     177     243
2038     177     171     169     164     167     175     167     173     178     265     177     243
2039     177     171     169     164     167     175     167     173     178     265     177     243
**** Planta:   42 N.AVANHANDAV Penal:          200
A~no ......1 ......2 ......3 ......4 ......5 ......6 ......7 ......8 ......9 .....10 .....11 .....12
2025     193     193     168     190     138     199     200     202     201     302     206     271
2026     193     193     168     190     138     199     200     202     201     302     206     271
2027     193     193     168     190     138     199     200     202     201     302     206     271
2028     193     193     168     190     138     199     200     202     201     302     206     271
2029     193     193     168     190     138     199     200     202     201     302     206     271
2030     193     193     168     190     138     199     200     202     201     302     206     271
2031     193     193     168     190     138     199     200     202     201     302     206     271
2032     193     193     168     190     138     199     200     202     201     302     206     271
2033     193     193     168     190     138     199     200     202     201     302     206     271
2034     193     193     168     190     138     199     200     202     201     302     206     271
2035     193     193     168     190     138     199     200     202     201     302     206     271
2036     193     193     168     190     138     199     200     202     201     302     206     271
2037     193     193     168     190     138     199     200     202     201     302     206     271
2038     193     193     168     190     138     199     200     202     201     302     206     271
2039     193     193     168     190     138     199     200     202     201     302     206     271
**** Planta:   43 _TRES IRMAOS Penal:          200
A~no ......1 ......2 ......3 ......4 ......5 ......6 ......7 ......8 ......9 .....10 .....11 .....12
2025     180     180     180     180     180     180     180     180     180     180     180     180
2026     180     180     180     180     180     180     180     180     180     180     180     180
2027     180     180     180     180     180     180     180     180     180     180     180     180
2028     180     180     180     180     180     180     180     180     180     180     180     180
2029     180     180     180     180     180     180     180     180     180     180     180     180
2030     180     180     180     180     180     180     180     180     180     180     180     180
2031     180     180     180     180     180     180     180     180     180     180     180     180
2032     180     180     180     180     180     180     180     180     180     180     180     180
2033     180     180     180     180     180     180     180     180     180     180     180     180
2034     180     180     180     180     180     180     180     180     180     180     180     180
2035     180     180     180     180     180     180     180     180     180     180     180     180
2036     180     180     180     180     180     180     180     180     180     180     180     180
2037     180     180     180     180     180     180     180     180     180     180     180     180
2038     180     180     180     180     180     180     180     180     180     180     180     180
2039     180     180     180     180     180     180     180     180     180     180     180     180
**** Planta:   45 JUPIA        Penal:          200
A~no ......1 ......2 ......3 ......4 ......5 ......6 ......7 ......8 ......9 .....10 .....11 .....12
2025    3300    3300    3300    3300    3300    3300    3300    3300    3300    3300    3300    3300
2026    3300    3300    3300    3300    3300    3300    3300    3300    3300    3300    3300    3300
2027    3300    3300    3300    3300    3300    3300    3300    3300    3300    3300    3300    3300
2028    3300    3300    3300    3300    3300    3300    3300    3300    3300    3300    3300    3300
2029    3300    3300    3300    3300    3300    3300    3300    3300    3300    3300    3300    3300
2030    3300    3300    3300    3300    3300    3300    3300    3300    3300    3300    3300    3300
2031    3300    3300    3300    3300    3300    3300    3300    3300    3300    3300    3300    3300
2032    3300    3300    3300    3300    3300    3300    3300    3300    3300    3300    3300    3300
2033    3300    3300    3300    3300    3300    3300    3300    3300    3300    3300    3300    3300
2034    3300    3300    3300    3300    3300    3300    3300    3300    3300    3300    3300    3300
2035    3300    3300    3300    3300    3300    3300    3300    3300    3300    3300    3300    3300
2036    3300    3300    3300    3300    3300    3300    3300    3300    3300    3300    3300    3300
2037    3300    3300    3300    3300    3300    3300    3300    3300    3300    3300    3300    3300
2038    3300    3300    3300    3300    3300    3300    3300    3300    3300    3300    3300    3300
2039    3300    3300    3300    3300    3300    3300    3300    3300    3300    3300    3300    3300
**** Planta:   46 P. PRIMAVERA Penal:    321.06571
A~no ......1 ......2 ......3 ......4 ......5 ......6 ......7 ......8 ......9 .....10 .....11 .....12
2025    4898    4764    4600    4600    4600    4734    4600    4843    4600    4825    4924    4767
2026    4898    4764    4600    4600    4600    4734    4600    4843    4600    4825    4924    4767
2027    4898    4764    4600    4600    4600    4734    4600    4843    4600    4825    4924    4767
2028    4898    4764    4600    4600    4600    4734    4600    4843    4600    4825    4924    4767
2029    4898    4764    4600    4600    4600    4734    4600    4843    4600    4825    4924    4767
2030    4898    4764    4600    4600    4600    4734    4600    4843    4600    4825    4924    4767
2031    4898    4764    4600    4600    4600    4734    4600    4843    4600    4825    4924    4767
2032    4898    4764    4600    4600    4600    4734    4600    4843    4600    4825    4924    4767
2033    4898    4764    4600    4600    4600    4734    4600    4843    4600    4825    4924    4767
2034    4898    4764    4600    4600    4600    4734    4600    4843    4600    4825    4924    4767
2035    4898    4764    4600    4600    4600    4734    4600    4843    4600    4825    4924    4767
2036    4898    4764    4600    4600    4600    4734    4600    4843    4600    4825    4924    4767
2037    4898    4764    4600    4600    4600    4734    4600    4843    4600    4825    4924    4767
2038    4898    4764    4600    4600    4600    4734    4600    4843    4600    4825    4924    4767
2039    4898    4764    4600    4600    4600    4734    4600    4843    4600    4825    4924    4767
**** Planta:   47 A.A. LAYDNER Penal:    2958.9136
A~no ......1 ......2 ......3 ......4 ......5 ......6 ......7 ......8 ......9 .....10 .....11 .....12
2025     147     147     147     147     147     147     147     147     147     147     147     147
2026     147     147     147     147     147     147     147     147     147     147     147     147
2027     147     147     147     147     147     147     147     147     147     147     147     147
2028     147     147     147     147     147     147     147     147     147     147     147     147
2029     147     147     147     147     147     147     147     147     147     147     147     147
2030     147     147     147     147     147     147     147     147     147     147     147     147
2031     147     147     147     147     147     147     147     147     147     147     147     147
2032     147     147     147     147     147     147     147     147     147     147     147     147
2033     147     147     147     147     147     147     147     147     147     147     147     147
2034     147     147     147     147     147     147     147     147     147     147     147     147
2035     147     147     147     147     147     147     147     147     147     147     147     147
2036     147     147     147     147     147     147     147     147     147     147     147     147
2037     147     147     147     147     147     147     147     147     147     147     147     147
2038     147     147     147     147     147     147     147     147     147     147     147     147
2039     147     147     147     147     147     147     147     147     147     147     147     147
**** Planta:   48 PIRAJU       Penal:          200
A~no ......1 ......2 ......3 ......4 ......5 ......6 ......7 ......8 ......9 .....10 .....11 .....12
2025      90      90      90      90      90     128      98     117     109      90      90      90
2026      90      90      90      90      90     128      98     117     109      90      90      90
2027      90      90      90      90      90     128      98     117     109      90      90      90
2028      90      90      90      90      90     128      98     117     109      90      90      90
2029      90      90      90      90      90     128      98     117     109      90      90      90
2030      90      90      90      90      90     128      98     117     109      90      90      90
2031      90      90      90      90      90     128      98     117     109      90      90      90
2032      90      90      90      90      90     128      98     117     109      90      90      90
2033      90      90      90      90      90     128      98     117     109      90      90      90
2034      90      90      90      90      90     128      98     117     109      90      90      90
2035      90      90      90      90      90     128      98     117     109      90      90      90
2036      90      90      90      90      90     128      98     117     109      90      90      90
2037      90      90      90      90      90     128      98     117     109      90      90      90
2038      90      90      90      90      90     128      98     117     109      90      90      90
2039      90      90      90      90      90     128      98     117     109      90      90      90
**** Planta:   49 CHAVANTES    Penal:    559.67386
A~no ......1 ......2 ......3 ......4 ......5 ......6 ......7 ......8 ......9 .....10 .....11 .....12
2025     114      98      98      98      98     140     141     143     105     110     104      99
2026     114      98      98      98      98     140     141     143     105     110     104      99
2027     114      98      98      98      98     140     141     143     105     110     104      99
2028     114      98      98      98      98     140     141     143     105     110     104      99
2029     114      98      98      98      98     140     141     143     105     110     104      99
2030     114      98      98      98      98     140     141     143     105     110     104      99
2031     114      98      98      98      98     140     141     143     105     110     104      99
2032     114      98      98      98      98     140     141     143     105     110     104      99
2033     114      98      98      98      98     140     141     143     105     110     104      99
2034     114      98      98      98      98     140     141     143     105     110     104      99
2035     114      98      98      98      98     140     141     143     105     110     104      99
2036     114      98      98      98      98     140     141     143     105     110     104      99
2037     114      98      98      98      98     140     141     143     105     110     104      99
2038     114      98      98      98      98     140     141     143     105     110     104      99
2039     114      98      98      98      98     140     141     143     105     110     104      99
**** Planta:   50 L. N. GARCEZ Penal:          200
A~no ......1 ......2 ......3 ......4 ......5 ......6 ......7 ......8 ......9 .....10 .....11 .....12
2025     171     152     140     138     134     207     190     181     136     156     144     160
2026     171     152     140     138     134     207     190     181     136     156     144     160
2027     171     152     140     138     134     207     190     181     136     156     144     160
2028     171     152     140     138     134     207     190     181     136     156     144     160
2029     171     152     140     138     134     207     190     181     136     156     144     160
2030     171     152     140     138     134     207     190     181     136     156     144     160
2031     171     152     140     138     134     207     190     181     136     156     144     160
2032     171     152     140     138     134     207     190     181     136     156     144     160
2033     171     152     140     138     134     207     190     181     136     156     144     160
2034     171     152     140     138     134     207     190     181     136     156     144     160
2035     171     152     140     138     134     207     190     181     136     156     144     160
2036     171     152     140     138     134     207     190     181     136     156     144     160
2037     171     152     140     138     134     207     190     181     136     156     144     160
2038     171     152     140     138     134     207     190     181     136     156     144     160
2039     171     152     140     138     134     207     190     181     136     156     144     160
**** Planta:   51 CANOAS II    Penal:          200
A~no ......1 ......2 ......3 ......4 ......5 ......6 ......7 ......8 ......9 .....10 .....11 .....12
2025     223     157     149     142     141     187     194     179     133     152     147     170
2026     223     157     149     142     141     187     194     179     133     152     147     170
2027     223     157     149     142     141     187     194     179     133     152     147     170
2028     223     157     149     142     141     187     194     179     133     152     147     170
2029     223     157     149     142     141     187     194     179     133     152     147     170
2030     223     157     149     142     141     187     194     179     133     152     147     170
2031     223     157     149     142     141     187     194     179     133     152     147     170
2032     223     157     149     142     141     187     194     179     133     152     147     170
2033     223     157     149     142     141     187     194     179     133     152     147     170
2034     223     157     149     142     141     187     194     179     133     152     147     170
2035     223     157     149     142     141     187     194     179     133     152     147     170
2036     223     157     149     142     141     187     194     179     133     152     147     170
2037     223     157     149     142     141     187     194     179     133     152     147     170
2038     223     157     149     142     141     187     194     179     133     152     147     170
2039     223     157     149     142     141     187     194     179     133     152     147     170
**** Planta:   52 CANOAS I     Penal:          200
A~no ......1 ......2 ......3 ......4 ......5 ......6 ......7 ......8 ......9 .....10 .....11 .....12
2025     142     150     160     154     140     199     200     146     139     162     145     211
2026     142     150     160     154     140     199     200     146     139     162     145     211
2027     142     150     160     154     140     199     200     146     139     162     145     211
2028     142     150     160     154     140     199     200     146     139     162     145     211
2029     142     150     160     154     140     199     200     146     139     162     145     211
2030     142     150     160     154     140     199     200     146     139     162     145     211
2031     142     150     160     154     140     199     200     146     139     162     145     211
2032     142     150     160     154     140     199     200     146     139     162     145     211
2033     142     150     160     154     140     199     200     146     139     162     145     211
2034     142     150     160     154     140     199     200     146     139     162     145     211
2035     142     150     160     154     140     199     200     146     139     162     145     211
2036     142     150     160     154     140     199     200     146     139     162     145     211
2037     142     150     160     154     140     199     200     146     139     162     145     211
2038     142     150     160     154     140     199     200     146     139     162     145     211
2039     142     150     160     154     140     199     200     146     139     162     145     211
**** Planta:   53 PARANAPANEMA Penal:    572.31147
A~no ......1 ......2 ......3 ......4 ......5 ......6 ......7 ......8 ......9 .....10 .....11 .....12
2025      90      90      90      90      90     128      98     117     109      90      90      90
2026      90      90      90      90      90     128      98     117     109      90      90      90
2027      90      90      90      90      90     128      98     117     109      90      90      90
2028      90      90      90      90      90     128      98     117     109      90      90      90
2029      90      90      90      90      90     128      98     117     109      90      90      90
2030      90      90      90      90      90     128      98     117     109      90      90      90
2031      90      90      90      90      90     128      98     117     109      90      90      90
2032      90      90      90      90      90     128      98     117     109      90      90      90
2033      90      90      90      90      90     128      98     117     109      90      90      90
2034      90      90      90      90      90     128      98     117     109      90      90      90
2035      90      90      90      90      90     128      98     117     109      90      90      90
2036      90      90      90      90      90     128      98     117     109      90      90      90
2037      90      90      90      90      90     128      98     117     109      90      90      90
2038      90      90      90      90      90     128      98     117     109      90      90      90
2039      90      90      90      90      90     128      98     117     109      90      90      90
**** Planta:   61 CAPIVARA     Penal:          200
A~no ......1 ......2 ......3 ......4 ......5 ......6 ......7 ......8 ......9 .....10 .....11 .....12
2025     316     288     291     286     292     276     322     276     290     295     281     284
2026     316     288     291     286     292     276     322     276     290     295     281     284
2027     316     288     291     286     292     276     322     276     290     295     281     284
2028     316     288     291     286     292     276     322     276     290     295     281     284
2029     316     288     291     286     292     276     322     276     290     295     281     284
2030     316     288     291     286     292     276     322     276     290     295     281     284
2031     316     288     291     286     292     276     322     276     290     295     281     284
2032     316     288     291     286     292     276     322     276     290     295     281     284
2033     316     288     291     286     292     276     322     276     290     295     281     284
2034     316     288     291     286     292     276     322     276     290     295     281     284
2035     316     288     291     286     292     276     322     276     290     295     281     284
2036     316     288     291     286     292     276     322     276     290     295     281     284
2037     316     288     291     286     292     276     322     276     290     295     281     284
2038     316     288     291     286     292     276     322     276     290     295     281     284
2039     316     288     291     286     292     276     322     276     290     295     281     284
**** Planta:   62 TAQUARUCU    Penal:          200
A~no ......1 ......2 ......3 ......4 ......5 ......6 ......7 ......8 ......9 .....10 .....11 .....12
2025     373     366     365     368     394     426     329     414     361     379     371     373
2026     373     366     365     368     394     426     329     414     361     379     371     373
2027     373     366     365     368     394     426     329     414     361     379     371     373
2028     373     366     365     368     394     426     329     414     361     379     371     373
2029     373     366     365     368     394     426     329     414     361     379     371     373
2030     373     366     365     368     394     426     329     414     361     379     371     373
2031     373     366     365     368     394     426     329     414     361     379     371     373
2032     373     366     365     368     394     426     329     414     361     379     371     373
2033     373     366     365     368     394     426     329     414     361     379     371     373
2034     373     366     365     368     394     426     329     414     361     379     371     373
2035     373     366     365     368     394     426     329     414     361     379     371     373
2036     373     366     365     368     394     426     329     414     361     379     371     373
2037     373     366     365     368     394     426     329     414     361     379     371     373
2038     373     366     365     368     394     426     329     414     361     379     371     373
2039     373     366     365     368     394     426     329     414     361     379     371     373
**** Planta:   63 ROSANA       Penal:    331.44003
A~no ......1 ......2 ......3 ......4 ......5 ......6 ......7 ......8 ......9 .....10 .....11 .....12
2025     589     469     445     432     487     498     326     429     446     604     415     498
2026     589     469     445     432     487     498     326     429     446     604     415     498
2027     589     469     445     432     487     498     326     429     446     604     415     498
2028     589     469     445     432     487     498     326     429     446     604     415     498
2029     589     469     445     432     487     498     326     429     446     604     415     498
2030     589     469     445     432     487     498     326     429     446     604     415     498
2031     589     469     445     432     487     498     326     429     446     604     415     498
2032     589     469     445     432     487     498     326     429     446     604     415     498
2033     589     469     445     432     487     498     326     429     446     604     415     498
2034     589     469     445     432     487     498     326     429     446     604     415     498
2035     589     469     445     432     487     498     326     429     446     604     415     498
2036     589     469     445     432     487     498     326     429     446     604     415     498
2037     589     469     445     432     487     498     326     429     446     604     415     498
2038     589     469     445     432     487     498     326     429     446     604     415     498
2039     589     469     445     432     487     498     326     429     446     604     415     498
**** Planta:  153 SAO DOMINGOS Penal:    3941.4179
A~no ......1 ......2 ......3 ......4 ......5 ......6 ......7 ......8 ......9 .....10 .....11 .....12
2025     130     108     104      73      92     112     118     105     122     118     118     125
2026     130     108     104      73      92     112     118     105     122     118     118     125
2027     130     108     104      73      92     112     118     105     122     118     118     125
2028     130     108     104      73      92     112     118     105     122     118     118     125
2029     130     108     104      73      92     112     118     105     122     118     118     125
2030     130     108     104      73      92     112     118     105     122     118     118     125
2031     130     108     104      73      92     112     118     105     122     118     118     125
2032     130     108     104      73      92     112     118     105     122     118     118     125
2033     130     108     104      73      92     112     118     105     122     118     118     125
2034     130     108     104      73      92     112     118     105     122     118     118     125
2035     130     108     104      73      92     112     118     105     122     118     118     125
2036     130     108     104      73      92     112     118     105     122     118     118     125
2037     130     108     104      73      92     112     118     105     122     118     118     125
2038     130     108     104      73      92     112     118     105     122     118     118     125
2039     130     108     104      73      92     112     118     105     122     118     118     125
**** Planta:  203 CORUMBA III  Penal:          200
A~no ......1 ......2 ......3 ......4 ......5 ......6 ......7 ......8 ......9 .....10 .....11 .....12
2025       0       0      17       0       0       0      23       0       0       0       0       0
2026       0       0      17       0       0       0      23       0       0       0       0       0
2027       0       0      17       0       0       0      23       0       0       0       0       0
2028       0       0      17       0       0       0      23       0       0       0       0       0
2029       0       0      17       0       0       0      23       0       0       0       0       0
2030       0       0      17       0       0       0      23       0       0       0       0       0
2031       0       0      17       0       0       0      23       0       0       0       0       0
2032       0       0      17       0       0       0      23       0       0       0       0       0
2033       0       0      17       0       0       0      23       0       0       0       0       0
2034       0       0      17       0       0       0      23       0       0       0       0       0
2035       0       0      17       0       0       0      23       0       0       0       0       0
2036       0       0      17       0       0       0      23       0       0       0       0       0
2037       0       0      17       0       0       0      23       0       0       0       0       0
2038       0       0      17       0       0       0      23       0       0       0       0       0
2039       0       0      17       0       0       0      23       0       0       0       0       0
**** Planta:  241 SLT VERDINHO Penal:    4548.3715
A~no ......1 ......2 ......3 ......4 ......5 ......6 ......7 ......8 ......9 .....10 .....11 .....12
2025     217     163     165     122     109     118     102      96     109     119     215     168
2026     217     163     165     122     109     118     102      96     109     119     215     168
2027     217     163     165     122     109     118     102      96     109     119     215     168
2028     217     163     165     122     109     118     102      96     109     119     215     168
2029     217     163     165     122     109     118     102      96     109     119     215     168
2030     217     163     165     122     109     118     102      96     109     119     215     168
2031     217     163     165     122     109     118     102      96     109     119     215     168
2032     217     163     165     122     109     118     102      96     109     119     215     168
2033     217     163     165     122     109     118     102      96     109     119     215     168
2034     217     163     165     122     109     118     102      96     109     119     215     168
2035     217     163     165     122     109     118     102      96     109     119     215     168
2036     217     163     165     122     109     118     102      96     109     119     215     168
2037     217     163     165     122     109     118     102      96     109     119     215     168
2038     217     163     165     122     109     118     102      96     109     119     215     168
2039     217     163     165     122     109     118     102      96     109     119     215     168
**** Planta:  249 OURINHOS     Penal:          200
A~no ......1 ......2 ......3 ......4 ......5 ......6 ......7 ......8 ......9 .....10 .....11 .....12
2025      97      93       9      90      90     132     124     133     103     100      89      95
2026      97      93       9      90      90     132     124     133     103     100      89      95
2027      97      93       9      90      90     132     124     133     103     100      89      95
2028      97      93       9      90      90     132     124     133     103     100      89      95
2029      97      93       9      90      90     132     124     133     103     100      89      95
2030      97      93       9      90      90     132     124     133     103     100      89      95
2031      97      93       9      90      90     132     124     133     103     100      89      95
2032      97      93       9      90      90     132     124     133     103     100      89      95
2033      97      93       9      90      90     132     124     133     103     100      89      95
2034      97      93       9      90      90     132     124     133     103     100      89      95
2035      97      93       9      90      90     132     124     133     103     100      89      95
2036      97      93       9      90      90     132     124     133     103     100      89      95
2037      97      93       9      90      90     132     124     133     103     100      89      95
2038      97      93       9      90      90     132     124     133     103     100      89      95
2039      97      93       9      90      90     132     124     133     103     100      89      95
**** Planta:  260 ESTRELA      Penal:     2133.636
A~no ......1 ......2 ......3 ......4 ......5 ......6 ......7 ......8 ......9 .....10 .....11 .....12
2025      58      58      58      58      58      58      58      58      58      58      58      58
2026      58      58      58      58      58      58      58      58      58      58      58      58
2027      58      58      58      58      58      58      58      58      58      58      58      58
2028      58      58      58      58      58      58      58      58      58      58      58      58
2029      58      58      58      58      58      58      58      58      58      58      58      58
2030      58      58      58      58      58      58      58      58      58      58      58      58
2031      58      58      58      58      58      58      58      58      58      58      58      58
2032      58      58      58      58      58      58      58      58      58      58      58      58
2033      58      58      58      58      58      58      58      58      58      58      58      58
2034      58      58      58      58      58      58      58      58      58      58      58      58
2035      58      58      58      58      58      58      58      58      58      58      58      58
2036      58      58      58      58      58      58      58      58      58      58      58      58
2037      58      58      58      58      58      58      58      58      58      58      58      58
2038      58      58      58      58      58      58      58      58      58      58      58      58
2039      58      58      58      58      58      58      58      58      58      58      58      58
2040      58      58      58      58      58      58      58      58      58      58      58      58
**** Planta:  262 SALTO        Penal:     6269.892
A~no ......1 ......2 ......3 ......4 ......5 ......6 ......7 ......8 ......9 .....10 .....11 .....12
2025     198     140     158     107     106     122      92      87      92     132     208     150
2026     198     140     158     107     106     122      92      87      92     132     208     150
2027     198     140     158     107     106     122      92      87      92     132     208     150
2028     198     140     158     107     106     122      92      87      92     132     208     150
2029     198     140     158     107     106     122      92      87      92     132     208     150
2030     198     140     158     107     106     122      92      87      92     132     208     150
2031     198     140     158     107     106     122      92      87      92     132     208     150
2032     198     140     158     107     106     122      92      87      92     132     208     150
2033     198     140     158     107     106     122      92      87      92     132     208     150
2034     198     140     158     107     106     122      92      87      92     132     208     150
2035     198     140     158     107     106     122      92      87      92     132     208     150
2036     198     140     158     107     106     122      92      87      92     132     208     150
2037     198     140     158     107     106     122      92      87      92     132     208     150
2038     198     140     158     107     106     122      92      87      92     132     208     150
2039     198     140     158     107     106     122      92      87      92     132     208     150
**** Planta:  290 ESPORA       Penal:    3776.0696
A~no ......1 ......2 ......3 ......4 ......5 ......6 ......7 ......8 ......9 .....10 .....11 .....12
2025      69      70      67      50      49      67      57      73      59      77      63      69
2026      69      70      67      50      49      67      57      73      59      77      63      69
2027      69      70      67      50      49      67      57      73      59      77      63      69
2028      69      70      67      50      49      67      57      73      59      77      63      69
2029      69      70      67      50      49      67      57      73      59      77      63      69
2030      69      70      67      50      49      67      57      73      59      77      63      69
2031      69      70      67      50      49      67      57      73      59      77      63      69
2032      69      70      67      50      49      67      57      73      59      77      63      69
2033      69      70      67      50      49      67      57      73      59      77      63      69
2034      69      70      67      50      49      67      57      73      59      77      63      69
2035      69      70      67      50      49      67      57      73      59      77      63      69
2036      69      70      67      50      49      67      57      73      59      77      63      69
2037      69      70      67      50      49      67      57      73      59      77      63      69
2038      69      70      67      50      49      67      57      73      59      77      63      69
2039      69      70      67      50      49      67      57      73      59      77      63      69
**** Planta:  311 CACU         Penal:    7166.6535
A~no ......1 ......2 ......3 ......4 ......5 ......6 ......7 ......8 ......9 .....10 .....11 .....12
2025     223     142     191     133     107     125      83      72      86     119     228     187
2026     223     142     191     133     107     125      83      72      86     119     228     187
2027     223     142     191     133     107     125      83      72      86     119     228     187
2028     223     142     191     133     107     125      83      72      86     119     228     187
2029     223     142     191     133     107     125      83      72      86     119     228     187
2030     223     142     191     133     107     125      83      72      86     119     228     187
2031     223     142     191     133     107     125      83      72      86     119     228     187
2032     223     142     191     133     107     125      83      72      86     119     228     187
2033     223     142     191     133     107     125      83      72      86     119     228     187
2034     223     142     191     133     107     125      83      72      86     119     228     187
2035     223     142     191     133     107     125      83      72      86     119     228     187
2036     223     142     191     133     107     125      83      72      86     119     228     187
2037     223     142     191     133     107     125      83      72      86     119     228     187
2038     223     142     191     133     107     125      83      72      86     119     228     187
2039     223     142     191     133     107     125      83      72      86     119     228     187
**** Planta:  312 B. COQUEIROS Penal:    5783.7263
A~no ......1 ......2 ......3 ......4 ......5 ......6 ......7 ......8 ......9 .....10 .....11 .....12
2025     214     121     137      90      96     116      83      62      85     103     228     177
2026     214     121     137      90      96     116      83      62      85     103     228     177
2027     214     121     137      90      96     116      83      62      85     103     228     177
2028     214     121     137      90      96     116      83      62      85     103     228     177
2029     214     121     137      90      96     116      83      62      85     103     228     177
2030     214     121     137      90      96     116      83      62      85     103     228     177
2031     214     121     137      90      96     116      83      62      85     103     228     177
2032     214     121     137      90      96     116      83      62      85     103     228     177
2033     214     121     137      90      96     116      83      62      85     103     228     177
2034     214     121     137      90      96     116      83      62      85     103     228     177
2035     214     121     137      90      96     116      83      62      85     103     228     177
2036     214     121     137      90      96     116      83      62      85     103     228     177
2037     214     121     137      90      96     116      83      62      85     103     228     177
2038     214     121     137      90      96     116      83      62      85     103     228     177
2039     214     121     137      90      96     116      83      62      85     103     228     177
**** Planta:  315 FOZ R CLARO  Penal:    3776.0725
A~no ......1 ......2 ......3 ......4 ......5 ......6 ......7 ......8 ......9 .....10 .....11 .....12
2025     230     140     210     129      91     131      89      74      89     103     231     158
2026     230     140     210     129      91     131      89      74      89     103     231     158
2027     230     140     210     129      91     131      89      74      89     103     231     158
2028     230     140     210     129      91     131      89      74      89     103     231     158
2029     230     140     210     129      91     131      89      74      89     103     231     158
2030     230     140     210     129      91     131      89      74      89     103     231     158
2031     230     140     210     129      91     131      89      74      89     103     231     158
2032     230     140     210     129      91     131      89      74      89     103     231     158
2033     230     140     210     129      91     131      89      74      89     103     231     158
2034     230     140     210     129      91     131      89      74      89     103     231     158
2035     230     140     210     129      91     131      89      74      89     103     231     158
2036     230     140     210     129      91     131      89      74      89     103     231     158
2037     230     140     210     129      91     131      89      74      89     103     231     158
2038     230     140     210     129      91     131      89      74      89     103     231     158
2039     230     140     210     129      91     131      89      74      89     103     231     158
