!NUM ...Nombre... .TP ...PrdEsp... ...PrdHid... U .....A0..... .....A1..... .....A2..... .....A3..... .....A4.....
  56 TELEM BORBA          0.008878          0.5 2     651.9059    0.3836741  -0.00207678 6.765269e-06 -8.91191e-09
  57 MAUA                 0.008893         1.62 2     588.6896   0.04018106 -1.41498e-05 3.213329e-09  -3.0187e-13
  71 STA CLARA PR         0.008829          1.8 2      766.125     0.168866 -0.000312812  3.99019e-07 -2.24779e-10
  72 FUNDAO               0.008829         3.06 2     668.9053     2.781376   -0.1120216    0.0026005 -2.29681e-05
  73 JORDAO                      0            0 1     574.7998         0.32            0            0            0
  74 G. B. MUNHOZ         0.009067         2.18 2      650.876    0.0349868 -6.50018e-06 7.777969e-10 -3.95286e-14
  76 SEGREDO              0.008979         1.39 2     552.5449    0.0246922 -2.10343e-06            0            0
  77 SLT.SANTIAGO          0.00929         1.66 2     447.7319    0.0182332 -2.87122e-06 3.002598e-10 -1.27297e-14
  78 SALTO OSORIO         0.008991         2.14 1          397            0            0            0            0
  82 SALTO CAXIAS         0.008767         0.74 2          325            0            0            0            0
  83 BAIXO IGUACU         0.009094         0.29 2     246.7161    0.1084496 -0.000335927 4.610282e-07            0
  86 BARRA GRANDE         0.009025          3.3 2     539.8612   0.04456064 -8.14857e-06 9.324026e-10 -4.38985e-14
  88 SAO ROQUE            0.008813          0.6 2     717.9573    0.1382408 -0.000226568 2.165083e-07 -8.37694e-11
  89 GARIBALDI            0.009025         0.97 2     693.2867   0.03963221            0            0            0
  90 CAMPOS NOVOS         0.008927          3.6 2     242.9207     1.074153 -0.001103705 5.208232e-07 -9.24202e-11
  91 MACHADINHO           0.008927         1.07 2     401.2168    0.0500965 -1.57303e-05  3.29655e-09 -2.88282e-13
  92 ITA                  0.008927            2 2          370            0            0            0            0
  93 PASSO FUNDO          0.008926         2.95 1     580.3909    0.0221501 -1.41343e-05 6.344678e-09 -1.15472e-12
  94 MONJOLINHO           0.009025          1.7 2        174.9     3.587054  -0.03450381 0.0001553922 -2.62045e-07
  95 QUEBRA QUEIX         0.009025         4.15 2     503.9448     0.541329  -0.00196869  3.08552e-06            0
  97 CASTRO ALVES         0.009025            8 2      209.603     0.569508  -0.00410112 2.007249e-05 -4.00627e-08
  98 MONTE CLARO          0.009025            4 2     135.7746     1.499699  -0.04863175  0.001086762 -1.03753e-05
  99 14 DE JULHO          0.009083         0.95 2       79.667    0.9847667  -0.01495106 0.0001189643 -3.54971e-07
 100 ITAPIRANGA           0.008927         0.85 2          193            0            0            0            0
 101 SAO JOSE             0.008731         0.58 2       154.67            0            0            0            0
 102 PASSO S JOAO         0.009064         0.32 2     118.5711    0.1861556 -0.001278737 3.841826e-06            0
 103 FOZ CHAPECO          0.009092          1.7 2     244.7873   0.01345915 -1.92726e-10 8.457124e-14 -1.38778e-17
 110 ERNESTINA                   0            0 1     480.6108    0.1062599 -0.000703562  2.59386e-06 -3.66962e-09
 111 PASSO REAL           0.009221         1.34 1      293.938    0.0239738 -9.65479e-06  2.30087e-09  -2.1199e-13
 112 JACUI                0.008731         2.73 1       279.89            0            0            0            0
 113 ITAUBA               0.009221          1.9 1          184            0            0            0            0
 114 D. FRANCISCA         0.008633          0.4 2         94.5            0            0            0            0
 115 G. P. SOUZA          0.008829         1.38 1      812.605     0.491744 -0.004011519 1.952259e-05 -3.79951e-08
 215 SALTO PILAO          0.009015         8.45 2      316.622      15.2326    -37.90088     66.25934    -43.31781
 361 CANASTRA             0.008473        13.81 2       546.83            0            0            0            0
 578 APERTADOS            0.008754         0.31 2     275.0396   0.04974337  -0.00015276 5.431668e-07 -7.01847e-10
1073 Jordao Fic01                0            0 1            0            0            0            0            0
