NUM: 117 GUARAPIRANGA          Penal: 0          0
A~NO ....1 ....2 ....3 ....4 ....5 ....6 ....7 ....8 ....9 ...10 ...11 ...12
2025 10.24 10.25 10.25 10.36 10.35 10.28  10.3 10.32  10.3 10.29  10.3  10.3
2026  10.3 10.31 10.31 10.42 10.41 10.34 10.36 10.38 10.36 10.35 10.36 10.35
2027 10.36 10.36 10.37 10.48 10.47  10.4 10.42 10.44 10.42 10.41 10.41 10.41
2028 10.41 10.42 10.42 10.53 10.52 10.45 10.47 10.49 10.47 10.46 10.46 10.46
2029 10.46 10.47 10.47 10.59 10.58  10.5 10.52 10.54 10.52 10.51 10.51 10.51
2030 10.51 10.52 10.52 10.64 10.63 10.55 10.57 10.59 10.57 10.55 10.56 10.55
2031 10.56 10.56 10.56 10.68 10.67 10.59 10.61 10.64 10.61  10.6  10.6 10.59
2032  10.6  10.6  10.6 10.73 10.72 10.63 10.65 10.68 10.65 10.64 10.64 10.63
2033 10.64 10.64 10.64 10.77 10.76 10.67 10.69 10.72 10.69 10.67 10.68 10.67
2034 10.67 10.68 10.68 10.81  10.8 10.71 10.73 10.76 10.72 10.71 10.71 10.71
2035 10.71 10.71 10.71 10.85 10.83 10.74 10.76 10.79 10.76 10.74 10.75 10.74
2036 10.74 10.75 10.75 10.88 10.87 10.77  10.8 10.82 10.79 10.77 10.78 10.77
2037 10.77 10.78 10.78 10.91  10.9  10.8 10.83 10.85 10.82  10.8  10.8  10.8
2038  10.8  10.8  10.8 10.94 10.93 10.83 10.85 10.88 10.84 10.83 10.83 10.82
2039 10.82 10.83 10.83 10.97 10.96 10.86 10.88 10.91 10.87 10.85 10.85 10.85
2040     0     0     0     0     0     0     0     0     0     0     0     0
NUM: 118 BILLINGS              Penal: 0          0
A~NO ....1 ....2 ....3 ....4 ....5 ....6 ....7 ....8 ....9 ...10 ...11 ...12
2025  5.51  5.51  5.51  5.52  5.52  5.53  5.54  5.56  5.55  5.54  5.54  5.54
2026  5.54  5.55  5.55  5.56  5.56  5.57  5.58   5.6  5.58  5.58  5.58  5.57
2027  5.58  5.58  5.59  5.59   5.6   5.6  5.61  5.63  5.62  5.61  5.61  5.61
2028  5.61  5.62  5.62  5.63  5.63  5.63  5.65  5.67  5.65  5.64  5.65  5.64
2029  5.65  5.65  5.65  5.66  5.66  5.67  5.68   5.7  5.68  5.67  5.68  5.67
2030  5.68  5.68  5.68  5.69  5.69   5.7  5.71  5.73  5.71   5.7  5.71   5.7
2031  5.71  5.71  5.71  5.72  5.72  5.73  5.74  5.76  5.74  5.73  5.74  5.73
2032  5.73  5.74  5.74  5.75  5.75  5.75  5.77  5.79  5.77  5.76  5.76  5.76
2033  5.76  5.76  5.77  5.77  5.78  5.78   5.8  5.82   5.8  5.79  5.79  5.78
2034  5.79  5.79  5.79   5.8   5.8   5.8  5.82  5.84  5.82  5.81  5.81  5.81
2035  5.81  5.81  5.82  5.82  5.83  5.83  5.84  5.87  5.84  5.83  5.84  5.83
2036  5.83  5.84  5.84  5.84  5.85  5.85  5.87  5.89  5.87  5.85  5.86  5.85
2037  5.85  5.86  5.86  5.86  5.87  5.87  5.89  5.91  5.89  5.87  5.88  5.87
2038  5.87  5.87  5.88  5.88  5.89  5.89  5.91  5.93   5.9  5.89  5.89  5.89
2039  5.89  5.89  5.89   5.9   5.9  5.91  5.92  5.94  5.92  5.91  5.91   5.9
2040     0     0     0     0     0     0     0     0     0     0     0     0
NUM: 119 HENRY BORDEN          Penal: 0          0
A~NO ....1 ....2 ....3 ....4 ....5 ....6 ....7 ....8 ....9 ...10 ...11 ...12
2025     0     0     0     0     0     0     0     0     0     0     0     0
2026     0     0     0     0     0     0     0     0     0     0     0     0
2027     0     0     0     0     0     0     0     0     0     0     0     0
2028     0     0     0     0     0     0     0     0     0     0     0     0
2029     0     0     0     0     0     0     0     0     0     0     0     0
2030     0     0     0     0     0     0     0     0     0     0     0     0
2031     0     0     0     0     0     0     0     0     0     0     0     0
2032     0     0     0     0     0     0     0     0     0     0     0     0
2033     0     0     0     0     0     0     0     0     0     0     0     0
2034     0     0     0     0     0     0     0     0     0     0     0     0
2035     0     0     0     0     0     0     0     0     0     0     0     0
2036     0     0     0     0     0     0     0     0     0     0     0     0
2037     0     0     0     0     0     0     0     0     0     0     0     0
2038     0     0     0     0     0     0     0     0     0     0     0     0
2039     0     0     0     0     0     0     0     0     0     0     0     0
2040     0     0     0     0     0     0     0     0     0     0     0     0
NUM: 120 JAGUARI               Penal: 0          0
A~NO ....1 ....2 ....3 ....4 ....5 ....6 ....7 ....8 ....9 ...10 ...11 ...12
2025  5.23  5.23  5.24  5.28  5.27  5.27  5.29  5.31  5.29  5.27  5.26  5.24
2026  5.24  5.24  5.24  5.28  5.27  5.27  5.29  5.32  5.29  5.27  5.27  5.24
2027  5.24  5.24  5.24  5.29  5.28  5.27  5.29  5.32   5.3  5.27  5.27  5.24
2028  5.24  5.24  5.24  5.29  5.28  5.27  5.29  5.32   5.3  5.27  5.27  5.24
2029  5.24  5.24  5.24  5.29  5.28  5.27   5.3  5.33   5.3  5.27  5.27  5.24
2030  5.24  5.24  5.24  5.29  5.28  5.28   5.3  5.33   5.3  5.27  5.27  5.24
2031  5.24  5.24  5.24  5.29  5.28  5.28   5.3  5.33   5.3  5.27  5.27  5.24
2032  5.24  5.24  5.24   5.3  5.29  5.28   5.3  5.34  5.31  5.28  5.27  5.24
2033  5.24  5.24  5.24   5.3  5.29  5.28   5.3  5.34  5.31  5.28  5.28  5.24
2034  5.24  5.24  5.24   5.3  5.29  5.28  5.31  5.34  5.31  5.28  5.28  5.24
2035  5.24  5.24  5.24   5.3  5.29  5.28  5.31  5.34  5.31  5.28  5.28  5.24
2036  5.24  5.24  5.24   5.3  5.29  5.29  5.31  5.35  5.32  5.28  5.28  5.24
2037  5.24  5.24  5.24  5.31  5.29  5.29  5.31  5.35  5.32  5.28  5.28  5.24
2038  5.24  5.24  5.25  5.31   5.3  5.29  5.32  5.35  5.32  5.28  5.28  5.24
2039  5.24  5.24  5.25  5.31   5.3  5.29  5.32  5.36  5.32  5.29  5.28  5.24
2040     0     0     0     0     0     0     0     0     0     0     0     0
NUM: 121 PARAIBUNA/PA          Penal: 0          0
A~NO ....1 ....2 ....3 ....4 ....5 ....6 ....7 ....8 ....9 ...10 ...11 ...12
2025  0.27  0.27  0.25  0.27  0.27  0.27  0.28  0.32  0.36  0.39  0.39   0.3
2026  0.27  0.27  0.25  0.28  0.27  0.27  0.29  0.32  0.36  0.39  0.39   0.3
2027  0.27  0.27  0.26  0.28  0.28  0.28  0.29  0.33  0.36  0.39  0.39   0.3
2028  0.28  0.28  0.26  0.29  0.29  0.28   0.3  0.33  0.37  0.39  0.39  0.31
2029  0.28  0.28  0.26   0.3  0.29  0.29   0.3  0.34  0.37  0.39  0.39  0.31
2030  0.28  0.28  0.27   0.3   0.3  0.29  0.31  0.34  0.37  0.39  0.39  0.31
2031  0.29  0.29  0.27  0.31  0.31   0.3  0.31  0.35  0.37  0.39  0.39  0.31
2032  0.29  0.29  0.28  0.31  0.31   0.3  0.32  0.35  0.38  0.39  0.39  0.32
2033  0.29  0.29  0.28  0.32  0.32  0.31  0.32  0.36  0.38  0.39  0.39  0.32
2034   0.3   0.3  0.29  0.33  0.32  0.31  0.33  0.36  0.38  0.39  0.39  0.32
2035   0.3   0.3  0.29  0.33  0.33  0.32  0.33  0.36  0.38  0.39  0.39  0.32
2036   0.3  0.31  0.29  0.34  0.33  0.32  0.33  0.37  0.39   0.4  0.39  0.33
2037  0.31  0.31   0.3  0.34  0.34  0.33  0.34  0.37  0.39   0.4  0.39  0.33
2038  0.31  0.31   0.3  0.35  0.35  0.33  0.34  0.38  0.39   0.4  0.39  0.33
2039  0.31  0.31  0.31  0.35  0.35  0.34  0.35  0.38  0.39   0.4  0.39  0.33
2040     0     0     0     0     0     0     0     0     0     0     0     0
NUM: 122 S.BRANCA PAR          Penal: 0          0
A~NO ....1 ....2 ....3 ....4 ....5 ....6 ....7 ....8 ....9 ...10 ...11 ...12
2025  0.04  0.04  0.04  0.04  0.04  0.04  0.04  0.05  0.04  0.04  0.04  0.04
2026  0.04  0.04  0.04  0.04  0.04  0.04  0.04  0.05  0.04  0.04  0.04  0.04
2027  0.04  0.04  0.04  0.05  0.04  0.04  0.04  0.05  0.04  0.04  0.04  0.04
2028  0.04  0.04  0.04  0.05  0.04  0.04  0.04  0.05  0.05  0.04  0.04  0.04
2029  0.04  0.04  0.04  0.05  0.04  0.04  0.05  0.05  0.05  0.04  0.04  0.04
2030  0.04  0.04  0.04  0.05  0.04  0.04  0.05  0.05  0.05  0.04  0.04  0.04
2031  0.04  0.04  0.04  0.05  0.05  0.04  0.05  0.05  0.05  0.04  0.04  0.04
2032  0.04  0.04  0.04  0.05  0.05  0.04  0.05  0.05  0.05  0.04  0.05  0.04
2033  0.04  0.04  0.04  0.05  0.05  0.05  0.05  0.05  0.05  0.05  0.05  0.04
2034  0.04  0.04  0.04  0.05  0.05  0.05  0.05  0.05  0.05  0.05  0.05  0.04
2035  0.04  0.04  0.04  0.05  0.05  0.05  0.05  0.05  0.05  0.05  0.05  0.04
2036  0.04  0.04  0.04  0.05  0.05  0.05  0.05  0.05  0.05  0.05  0.05  0.04
2037  0.04  0.04  0.04  0.05  0.05  0.05  0.05  0.05  0.05  0.05  0.05  0.04
2038  0.04  0.04  0.04  0.05  0.05  0.05  0.05  0.06  0.05  0.05  0.05  0.04
2039  0.04  0.04  0.04  0.05  0.05  0.05  0.05  0.06  0.05  0.05  0.05  0.04
2040     0     0     0     0     0     0     0     0     0     0     0     0
NUM: 123 FUNIL                 Penal: 0          0
A~NO ....1 ....2 ....3 ....4 ....5 ....6 ....7 ....8 ....9 ...10 ...11 ...12
2025  2.46  2.44  2.23  2.26  2.21  2.33  2.53  2.85  3.45  3.83  3.93   2.9
2026  2.47  2.44  2.25  2.28  2.24  2.35  2.55  2.86  3.43   3.8   3.9  2.89
2027  2.47  2.45  2.26   2.3  2.27  2.37  2.56  2.87   3.4  3.76  3.85  2.88
2028  2.47   2.5  2.27  2.33  2.29  2.39  2.58  2.87  3.41  3.73  3.82  2.87
2029  2.48  2.46  2.28  2.35  2.32  2.41  2.59  2.88  3.39   3.7  3.78  2.86
2030  2.48  2.46  2.29  2.38  2.34  2.43   2.6  2.89  3.38  3.67  3.75  2.85
2031  2.48  2.46   2.3   2.4  2.37  2.44  2.62   2.9  3.35  3.63   3.7  2.84
2032  2.48  2.51  2.31  2.42   2.4  2.46  2.63  2.91  3.35   3.6  3.67  2.83
2033  2.49  2.47  2.32  2.45  2.42  2.48  2.65  2.91  3.34  3.57  3.63  2.82
2034  2.49  2.47  2.33  2.47  2.45   2.5  2.66  2.92  3.32  3.53  3.59   2.8
2035  2.49  2.47  2.34  2.49  2.47  2.51  2.67  2.93  3.29  3.49  3.54  2.79
2036  2.49  2.51  2.35  2.51  2.49  2.53  2.68  2.93  3.29  3.46  3.51  2.78
2037  2.49  2.48  2.36  2.53  2.52  2.55  2.69  2.94  3.27  3.43  3.47  2.76
2038  2.49  2.48  2.37  2.56  2.54  2.56  2.71  2.94  3.25  3.39  3.43  2.75
2039  2.49  2.48  2.38  2.58  2.56  2.58  2.72  2.95  3.23  3.35  3.38  2.73
2040     0     0     0     0     0     0     0     0     0     0     0     0
NUM: 124 LAJES                 Penal: 0          0
A~NO ....1 ....2 ....3 ....4 ....5 ....6 ....7 ....8 ....9 ...10 ...11 ...12
2025  4.17  4.17  4.17  4.18  4.18  4.18  4.18  4.18  4.18  4.18  4.18  4.19
2026  4.19  4.19  4.19  4.19   4.2   4.2   4.2   4.2   4.2   4.2   4.2   4.2
2027   4.2   4.2  4.21  4.21  4.21  4.21  4.21  4.22  4.22  4.22  4.22  4.22
2028  4.22  4.22  4.22  4.22  4.23  4.23  4.23  4.23  4.23  4.23  4.23  4.23
2029  4.23  4.23  4.23  4.24  4.24  4.24  4.24  4.24  4.24  4.24  4.24  4.24
2030  4.24  4.25  4.25  4.25  4.25  4.25  4.25  4.25  4.26  4.25  4.25  4.25
2031  4.26  4.26  4.26  4.26  4.26  4.26  4.26  4.27  4.27  4.27  4.26  4.26
2032  4.27  4.27  4.27  4.27  4.27  4.27  4.27  4.28  4.28  4.27  4.27  4.27
2033  4.27  4.28  4.28  4.28  4.28  4.28  4.28  4.28  4.28  4.28  4.28  4.28
2034  4.28  4.28  4.28  4.29  4.29  4.29  4.29  4.29  4.29  4.29  4.29  4.29
2035  4.29  4.29  4.29  4.29   4.3   4.3   4.3   4.3   4.3   4.3   4.3  4.29
2036   4.3   4.3   4.3   4.3   4.3   4.3   4.3   4.3   4.3   4.3   4.3   4.3
2037   4.3   4.3   4.3  4.31  4.31  4.31  4.31  4.31  4.31  4.31   4.3   4.3
2038   4.3  4.31   4.3  4.31  4.31  4.31  4.31  4.31  4.31  4.31  4.31  4.31
2039  4.31  4.31  4.31  4.31  4.31  4.31  4.31  4.31  4.31  4.31  4.31  4.31
2040     0     0     0     0     0     0     0     0     0     0     0     0
NUM: 126 PICADA                Penal: 0          0
A~NO ....1 ....2 ....3 ....4 ....5 ....6 ....7 ....8 ....9 ...10 ...11 ...12
2025  1.07  1.07  1.07   1.1   1.1   1.1   1.1  1.11   1.1  1.09  1.07  1.07
2026  1.07  1.07  1.07   1.1   1.1   1.1  1.11  1.11   1.1  1.09  1.07  1.07
2027  1.07  1.07  1.07  1.11   1.1   1.1  1.11  1.11   1.1  1.09  1.07  1.07
2028  1.07  1.07  1.07  1.11   1.1   1.1  1.11  1.11  1.11  1.09  1.07  1.07
2029  1.07  1.08  1.07  1.11   1.1   1.1  1.11  1.12  1.11  1.09  1.07  1.07
2030  1.07  1.08  1.07  1.11  1.11   1.1  1.11  1.12  1.11   1.1  1.07  1.07
2031  1.07  1.08  1.08  1.11  1.11  1.11  1.11  1.12  1.11   1.1  1.07  1.07
2032  1.07  1.08  1.08  1.11  1.11  1.11  1.12  1.12  1.11   1.1  1.07  1.07
2033  1.07  1.08  1.08  1.12  1.11  1.11  1.12  1.12  1.11   1.1  1.07  1.07
2034  1.07  1.08  1.08  1.12  1.11  1.11  1.12  1.13  1.12   1.1  1.07  1.07
2035  1.07  1.08  1.08  1.12  1.11  1.11  1.12  1.13  1.12   1.1  1.07  1.07
2036  1.07  1.08  1.08  1.12  1.12  1.11  1.12  1.13  1.12   1.1  1.08  1.07
2037  1.07  1.08  1.08  1.12  1.12  1.11  1.12  1.13  1.12   1.1  1.08  1.07
2038  1.07  1.08  1.08  1.12  1.12  1.12  1.13  1.13  1.12  1.11  1.08  1.07
2039  1.07  1.08  1.08  1.12  1.12  1.12  1.13  1.13  1.12  1.11  1.08  1.07
2040     0     0     0     0     0     0     0     0     0     0     0     0
NUM: 127 SOBRAGI               Penal: 0          0
A~NO ....1 ....2 ....3 ....4 ....5 ....6 ....7 ....8 ....9 ...10 ...11 ...12
2025  1.41  1.42  1.42  1.49  1.48  1.48   1.5  1.52   1.5  1.46  1.41  1.41
2026  1.41  1.43  1.42  1.49  1.49  1.49  1.51  1.52   1.5  1.47  1.42  1.41
2027  1.41  1.43  1.42   1.5  1.49  1.49  1.51  1.53  1.51  1.47  1.42  1.41
2028  1.41  1.43  1.43   1.5   1.5   1.5  1.52  1.53  1.51  1.47  1.42  1.41
2029  1.42  1.43  1.43  1.51   1.5   1.5  1.52  1.54  1.52  1.48  1.42  1.42
2030  1.42  1.44  1.43  1.51  1.51  1.51  1.53  1.55  1.52  1.48  1.43  1.42
2031  1.42  1.44  1.44  1.52  1.51  1.51  1.53  1.55  1.53  1.49  1.43  1.42
2032  1.42  1.44  1.44  1.52  1.52  1.51  1.54  1.56  1.53  1.49  1.43  1.42
2033  1.42  1.45  1.44  1.53  1.52  1.52  1.54  1.56  1.54  1.49  1.43  1.43
2034  1.43  1.45  1.44  1.53  1.52  1.52  1.55  1.57  1.54   1.5  1.43  1.43
2035  1.43  1.45  1.45  1.54  1.53  1.53  1.55  1.57  1.54   1.5  1.44  1.43
2036  1.43  1.45  1.45  1.54  1.53  1.53  1.56  1.58  1.55   1.5  1.44  1.43
2037  1.43  1.45  1.45  1.54  1.54  1.54  1.56  1.58  1.55  1.51  1.44  1.43
2038  1.43  1.46  1.45  1.55  1.54  1.54  1.57  1.59  1.56  1.51  1.44  1.43
2039  1.43  1.46  1.45  1.55  1.54  1.54  1.57  1.59  1.56  1.51  1.44  1.44
2040     0     0     0     0     0     0     0     0     0     0     0     0
NUM: 129 SIMPLICIO             Penal: 0          0
A~NO ....1 ....2 ....3 ....4 ....5 ....6 ....7 ....8 ....9 ...10 ...11 ...12
2025  3.06   3.1  2.86   3.3  3.52  3.86   4.3  4.78  5.03  4.94  4.75  3.55
2026  3.09  3.13  2.89  3.36  3.59  3.93  4.37  4.85  5.06  4.94  4.73  3.56
2027  3.11  3.16  2.93  3.42  3.66     4  4.44  4.91  5.07  4.93   4.7  3.57
2028  3.14  3.24  2.96  3.48  3.73  4.07  4.51  4.98  5.12  4.93   4.7  3.58
2029  3.16  3.21     3  3.54   3.8  4.14  4.58  5.05  5.15  4.93  4.68  3.59
2030  3.19  3.24  3.03   3.6  3.87  4.21  4.65  5.12  5.18  4.92  4.66   3.6
2031  3.21  3.26  3.06  3.66  3.94  4.27  4.72  5.18  5.19  4.91  4.63   3.6
2032  3.23  3.33  3.09  3.72  4.01  4.34  4.79  5.25  5.24  4.91  4.62  3.61
2033  3.25  3.31  3.13  3.78  4.08  4.41  4.86  5.32  5.27  4.91   4.6  3.62
2034  3.27  3.34  3.16  3.84  4.15  4.48  4.93  5.38   5.3   4.9  4.58  3.63
2035   3.3  3.36  3.19  3.89  4.22  4.54  4.99  5.45  5.32  4.89  4.55  3.63
2036  3.31  3.42  3.22  3.95  4.28  4.61  5.06  5.51  5.36  4.89  4.54  3.64
2037  3.33   3.4  3.25     4  4.35  4.67  5.13  5.57  5.38  4.88  4.51  3.64
2038  3.35  3.42  3.27  4.06  4.41  4.73  5.19  5.64  5.41  4.87  4.49  3.64
2039  3.37  3.44   3.3  4.11  4.48  4.79  5.25  5.69  5.42  4.85  4.46  3.64
2040     0     0     0     0     0     0     0     0     0     0     0     0
NUM: 130 ILHA POMBOS           Penal: 0          0
A~NO ....1 ....2 ....3 ....4 ....5 ....6 ....7 ....8 ....9 ...10 ...11 ...12
2025  0.11  0.35  0.18  0.77  1.27  1.54  1.65  1.89  1.49  0.95  0.12  0.11
2026  0.12  0.36  0.18  0.79  1.31  1.58   1.7  1.94  1.53  0.97  0.12  0.11
2027  0.12  0.37  0.19   0.8  1.34  1.62  1.74  1.99  1.57     1  0.12  0.11
2028  0.12  0.37  0.19  0.83  1.38  1.67  1.79  2.05  1.61  1.03  0.12  0.11
2029  0.12  0.39  0.19  0.85  1.41  1.71  1.83   2.1  1.66  1.05  0.12  0.11
2030  0.12  0.39  0.19  0.86  1.44  1.74  1.87  2.14  1.68  1.07  0.12  0.11
2031  0.12   0.4   0.2  0.87  1.46  1.76  1.89  2.16   1.7  1.08  0.12  0.11
2032  0.12  0.39   0.2  0.89  1.48  1.79  1.92  2.19  1.73  1.09  0.12  0.12
2033  0.12  0.41   0.2   0.9  1.49  1.81  1.94  2.22  1.75  1.11  0.13  0.12
2034  0.12  0.41   0.2  0.91  1.51  1.83  1.96  2.24  1.77  1.12  0.13  0.12
2035  0.12  0.42   0.2  0.91  1.53  1.85  1.99  2.27  1.79  1.13  0.13  0.12
2036  0.13  0.41  0.21  0.93  1.55  1.87  2.01   2.3  1.81  1.15  0.13  0.12
2037  0.13  0.43  0.21  0.94  1.57   1.9  2.04  2.33  1.83  1.16  0.13  0.12
2038  0.13  0.43  0.21  0.95  1.59  1.92  2.06  2.35  1.85  1.17  0.13  0.12
2039  0.13  0.43  0.21  0.96   1.6  1.94  2.08  2.38  1.87  1.19  0.13  0.12
2040     0     0     0     0     0     0     0     0     0     0     0     0
NUM: 131 NILO PECANHA          Penal: 0          0
A~NO ....1 ....2 ....3 ....4 ....5 ....6 ....7 ....8 ....9 ...10 ...11 ...12
2025  0.06  0.06  0.06  0.07  0.07  0.07  0.07  0.08  0.08  0.07  0.06  0.06
2026  0.06  0.06  0.06  0.07  0.07  0.07  0.07  0.08  0.08  0.07  0.06  0.06
2027  0.06  0.06  0.06  0.07  0.07  0.07  0.08  0.08  0.08  0.07  0.06  0.06
2028  0.06  0.06  0.06  0.07  0.07  0.07  0.08  0.08  0.08  0.07  0.06  0.06
2029  0.06  0.06  0.06  0.07  0.07  0.08  0.08  0.08  0.08  0.07  0.06  0.06
2030  0.06  0.06  0.06  0.07  0.08  0.08  0.08  0.08  0.08  0.07  0.07  0.06
2031  0.06  0.07  0.06  0.08  0.08  0.08  0.08  0.08  0.08  0.07  0.07  0.06
2032  0.06  0.07  0.06  0.08  0.08  0.08  0.08  0.08  0.08  0.07  0.07  0.06
2033  0.06  0.07  0.06  0.08  0.08  0.08  0.08  0.08  0.08  0.08  0.07  0.06
2034  0.06  0.07  0.06  0.08  0.08  0.08  0.08  0.09  0.09  0.08  0.07  0.06
2035  0.06  0.07  0.06  0.08  0.08  0.08  0.08  0.09  0.09  0.08  0.07  0.07
2036  0.06  0.07  0.07  0.08  0.08  0.08  0.08  0.09  0.09  0.08  0.07  0.07
2037  0.07  0.07  0.07  0.08  0.08  0.08  0.08  0.09  0.09  0.08  0.07  0.07
2038  0.07  0.07  0.07  0.08  0.08  0.08  0.09  0.09  0.09  0.08  0.07  0.07
2039  0.07  0.07  0.07  0.08  0.08  0.08  0.09  0.09  0.09  0.08  0.07  0.07
2040     0     0     0     0     0     0     0     0     0     0     0     0
NUM: 183 FONTES A              Penal: 0          0
A~NO ....1 ....2 ....3 ....4 ....5 ....6 ....7 ....8 ....9 ...10 ...11 ...12
2025     0     0     0     0     0     0     0     0     0     0     0     0
2026     0     0     0     0     0     0     0     0     0     0     0     0
2027     0     0     0     0     0     0     0     0     0     0     0     0
2028     0     0     0     0     0     0     0     0     0     0     0     0
2029     0     0     0     0     0     0     0     0     0     0     0     0
2030     0     0     0     0     0     0     0     0     0     0     0     0
2031     0     0     0     0     0     0     0     0     0     0     0     0
2032     0     0     0     0     0     0     0     0     0     0     0     0
2033     0     0     0     0     0     0     0     0     0     0     0     0
2034     0     0     0     0     0     0     0     0     0     0     0     0
2035     0     0     0     0     0     0     0     0     0     0     0     0
2036     0     0     0     0     0     0     0     0     0     0     0     0
2037     0     0     0     0     0     0     0     0     0     0     0     0
2038     0     0     0     0     0     0     0     0     0     0     0     0
2039     0     0     0     0     0     0     0     0     0     0     0     0
2040     0     0     0     0     0     0     0     0     0     0     0     0
NUM: 133 P. PASSOS             Penal: 0          0
A~NO ....1 ....2 ....3 ....4 ....5 ....6 ....7 ....8 ....9 ...10 ...11 ...12
2025   5.5   5.5   5.5   5.5   5.5   5.5   5.5   5.5   5.5   5.5   5.5   5.5
2026   5.5   5.5   5.5   5.5   5.5   5.5   5.5   5.5   5.5   5.5   5.5   5.5
2027   5.5   5.5   5.5   5.5   5.5   5.5   5.5   5.5   5.5   5.5   5.5   5.5
2028   5.5   5.5   5.5   5.5   5.5   5.5   5.5   5.5   5.5   5.5   5.5   5.5
2029   5.5   5.5   5.5   5.5   5.5   5.5   5.5   5.5   5.5   5.5   5.5   5.5
2030   5.5   5.5   5.5   5.5   5.5   5.5   5.5   5.5   5.5   5.5   5.5   5.5
2031   5.5   5.5   5.5   5.5   5.5   5.5   5.5   5.5   5.5   5.5   5.5   5.5
2032   5.5   5.5   5.5   5.5   5.5   5.5   5.5   5.5   5.5   5.5   5.5   5.5
2033   5.5   5.5   5.5   5.5   5.5   5.5   5.5   5.5   5.5   5.5   5.5   5.5
2034   5.5   5.5   5.5   5.5   5.5   5.5   5.5   5.5   5.5   5.5   5.5   5.5
2035   5.5   5.5   5.5   5.5   5.5   5.5   5.5   5.5   5.5   5.5   5.5   5.5
2036   5.5   5.5   5.5   5.5   5.5   5.5   5.5   5.5   5.5   5.5   5.5   5.5
2037   5.5   5.5   5.5   5.5   5.5   5.5   5.5   5.5   5.5   5.5   5.5   5.5
2038   5.5   5.5   5.5   5.5   5.5   5.5   5.5   5.5   5.5   5.5   5.5   5.5
2039   5.5   5.5   5.5   5.5   5.5   5.5   5.5   5.5   5.5   5.5   5.5   5.5
2040     0     0     0     0     0     0     0     0     0     0     0     0
NUM: 134 SALTO GRANDE          Penal: 0          0
A~NO ....1 ....2 ....3 ....4 ....5 ....6 ....7 ....8 ....9 ...10 ...11 ...12
2025  4.12  4.38  4.25   4.5  4.73  4.77  4.79  4.86   4.7  4.43  4.14  4.14
2026  4.14   4.4  4.28  4.53  4.77  4.81  4.83   4.9  4.74  4.46  4.16  4.16
2027  4.16  4.43   4.3  4.56  4.81  4.84  4.86  4.93  4.77  4.48  4.18  4.18
2028  4.18  4.45  4.32  4.59  4.84  4.88  4.91  4.98  4.81  4.52   4.2   4.2
2029   4.2  4.48  4.35  4.62  4.88  4.92  4.95  5.02  4.85  4.54  4.22  4.22
2030  4.22  4.51  4.37  4.65  4.92  4.96  4.98  5.06  4.88  4.57  4.24  4.24
2031  4.24  4.54   4.4  4.68  4.96     5  5.03   5.1  4.92   4.6  4.26  4.26
2032  4.26  4.56  4.42  4.71     5  5.04  5.07  5.15  4.96  4.63  4.28  4.28
2033  4.28   4.6  4.44  4.74  5.04  5.08  5.11  5.19  4.99  4.66   4.3   4.3
2034   4.3  4.62  4.47  4.78  5.08  5.12  5.15  5.23  5.03  4.69  4.32  4.32
2035  4.32  4.65  4.49  4.81  5.11  5.16  5.18  5.27  5.07  4.72  4.34  4.34
2036  4.34  4.67  4.52  4.84  5.15   5.2  5.23  5.31   5.1  4.75  4.36  4.36
2037  4.36   4.7  4.54  4.87  5.19  5.24  5.26  5.35  5.14  4.77  4.38  4.38
2038  4.38  4.73  4.56   4.9  5.22  5.27   5.3  5.39  5.18   4.8   4.4   4.4
2039   4.4  4.76  4.58  4.93  5.26  5.31  5.34  5.43  5.21  4.83  4.42  4.42
2040     0     0     0     0     0     0     0     0     0     0     0     0
NUM: 135 P. ESTRELA            Penal: 0          0
A~NO ....1 ....2 ....3 ....4 ....5 ....6 ....7 ....8 ....9 ...10 ...11 ...12
2025 -3.36 -3.24 -3.35 -3.28 -3.18 -3.15 -3.13 -3.14 -3.21 -3.31 -3.39 -3.39
2026 -3.36 -3.24 -3.34 -3.27 -3.18 -3.14 -3.12 -3.13  -3.2 -3.31 -3.39 -3.39
2027 -3.35 -3.23 -3.34 -3.27 -3.17 -3.13 -3.11 -3.12  -3.2 -3.31 -3.38 -3.39
2028 -3.35 -3.23 -3.34 -3.26 -3.16 -3.12  -3.1 -3.11 -3.19  -3.3 -3.38 -3.38
2029 -3.35 -3.22 -3.34 -3.26 -3.15 -3.11  -3.1  -3.1 -3.19  -3.3 -3.38 -3.38
2030 -3.35 -3.22 -3.33 -3.25 -3.15 -3.11 -3.09 -3.09 -3.18  -3.3 -3.38 -3.38
2031 -3.35 -3.21 -3.33 -3.25 -3.14  -3.1 -3.08 -3.08 -3.17 -3.29 -3.38 -3.38
2032 -3.34 -3.21 -3.33 -3.24 -3.13 -3.09 -3.07 -3.07 -3.17 -3.29 -3.38 -3.38
2033 -3.34  -3.2 -3.32 -3.24 -3.12 -3.08 -3.06 -3.07 -3.16 -3.29 -3.38 -3.38
2034 -3.34 -3.19 -3.32 -3.23 -3.12 -3.07 -3.05 -3.06 -3.15 -3.28 -3.37 -3.38
2035 -3.34 -3.19 -3.32 -3.23 -3.11 -3.06 -3.04 -3.05 -3.15 -3.28 -3.37 -3.37
2036 -3.34 -3.19 -3.32 -3.23  -3.1 -3.05 -3.03 -3.04 -3.14 -3.28 -3.37 -3.37
2037 -3.33 -3.18 -3.31 -3.22 -3.09 -3.05 -3.02 -3.03 -3.13 -3.27 -3.37 -3.37
2038 -3.33 -3.17 -3.31 -3.22 -3.09 -3.04 -3.01 -3.02 -3.13 -3.27 -3.37 -3.37
2039 -3.33 -3.16 -3.31 -3.21 -3.08 -3.03    -3 -3.01 -3.12 -3.26 -3.37 -3.37
2040     0     0     0     0     0     0     0     0     0     0     0     0
NUM: 139 CANDONGA              Penal: 0          0
A~NO ....1 ....2 ....3 ....4 ....5 ....6 ....7 ....8 ....9 ...10 ...11 ...12
2025  1.16  1.32  1.27  1.77  1.78  1.81  2.04  2.07  1.71  1.45   1.2  1.18
2026  1.19  1.35   1.3  1.82  1.83  1.86  2.09  2.12  1.75  1.48  1.23  1.21
2027  1.21  1.38  1.32  1.86  1.87   1.9  2.13  2.17  1.79  1.51  1.25  1.23
2028  1.24  1.41  1.35   1.9  1.91  1.94  2.19  2.22  1.83  1.54  1.28  1.26
2029  1.26  1.44  1.38  1.95  1.95  1.99  2.24  2.27  1.87  1.58   1.3  1.28
2030  1.29  1.47  1.41  1.99     2  2.03  2.29  2.32  1.91  1.61  1.33  1.31
2031  1.31   1.5  1.43  2.03  2.04  2.08  2.34  2.37  1.95  1.64  1.35  1.33
2032  1.34  1.52  1.46  2.08  2.09  2.12  2.39  2.43  1.99  1.67  1.38  1.36
2033  1.36  1.56  1.49  2.12  2.13  2.17  2.44  2.48  2.03  1.71   1.4  1.38
2034  1.39  1.59  1.52  2.16  2.17  2.21  2.49  2.53  2.07  1.74  1.43   1.4
2035  1.41  1.62  1.54   2.2  2.21  2.25  2.54  2.58  2.11  1.77  1.45  1.43
2036  1.43  1.64  1.57  2.25  2.26   2.3  2.59  2.63  2.15   1.8  1.48  1.45
2037  1.46  1.67   1.6  2.29   2.3  2.34  2.64  2.68  2.19  1.83   1.5  1.47
2038  1.48   1.7  1.62  2.33  2.34  2.38  2.69  2.73  2.23  1.86  1.52   1.5
2039   1.5  1.73  1.65  2.37  2.38  2.42  2.74  2.78  2.27  1.89  1.55  1.52
2040     0     0     0     0     0     0     0     0     0     0     0     0
NUM: 141 BAGUARI               Penal: 0          0
A~NO ....1 ....2 ....3 ....4 ....5 ....6 ....7 ....8 ....9 ...10 ...11 ...12
2025  2.39   3.7  2.62  3.59  3.86     4  4.29  4.44  3.94  3.17  2.13  2.09
2026  2.42  3.77  2.66  3.66  3.94  4.08  4.38  4.54  4.02  3.22  2.15  2.12
2027  2.46  3.84  2.71  3.73  4.02  4.16  4.46  4.62   4.1  3.27  2.18  2.15
2028  2.48  3.85  2.75   3.8   4.1  4.25  4.56  4.73  4.18  3.33  2.21  2.17
2029  2.52  3.99  2.79  3.87  4.18  4.33  4.65  4.82  4.26  3.39  2.23   2.2
2030  2.56  4.06  2.83  3.94  4.25  4.41  4.74  4.91  4.34  3.45  2.26  2.22
2031  2.59  4.14  2.87  4.01  4.33  4.49  4.82     5  4.42   3.5  2.28  2.25
2032  2.62  4.14  2.91  4.09  4.41  4.58  4.92  5.11   4.5  3.56  2.31  2.27
2033  2.66  4.29  2.96  4.16  4.49  4.66  5.01  5.21  4.58  3.62  2.34   2.3
2034   2.7  4.36     3  4.23  4.57  4.75   5.1   5.3  4.66  3.68  2.36  2.32
2035  2.73  4.44  3.04   4.3  4.65  4.82  5.19  5.39  4.74  3.73  2.39  2.35
2036  2.76  4.44  3.08  4.37  4.73  4.91  5.29  5.49  4.83  3.79  2.42  2.37
2037   2.8  4.59  3.12  4.44  4.81     5  5.38  5.59  4.91  3.85  2.44   2.4
2038  2.84  4.66  3.16  4.51  4.89  5.08  5.47  5.68  4.99   3.9  2.47  2.42
2039  2.87  4.73   3.2  4.58  4.96  5.15  5.55  5.77  5.06  3.95  2.49  2.45
2040     0     0     0     0     0     0     0     0     0     0     0     0
NUM: 143 AIMORES               Penal: 0          0
A~NO ....1 ....2 ....3 ....4 ....5 ....6 ....7 ....8 ....9 ...10 ...11 ...12
2025  18.8 21.53 19.46 20.58 20.79 20.88 21.36 21.74 21.23 19.79 17.53 17.33
2026 18.86 21.66 19.53 20.69 20.91    21 21.48 21.88 21.35 19.87 17.55 17.34
2027 18.91  21.8 19.61  20.8 21.01  21.1  21.6 22.01 21.46 19.94 17.57 17.35
2028 18.94 21.76 19.68 20.91 21.13 21.23 21.74 22.16  21.6 20.03 17.58 17.36
2029 19.02 22.07 19.76 21.01 21.24 21.34 21.87  22.3 21.72 20.12  17.6 17.37
2030 19.07 22.21 19.83 21.12 21.36 21.46    22 22.44 21.84  20.2 17.62 17.38
2031 19.13 22.34  19.9 21.23 21.47 21.56 22.12 22.58 21.97 20.28 17.63 17.39
2032 19.17 22.29 19.98 21.34 21.59  21.7 22.27 22.74 22.11 20.37 17.65  17.4
2033 19.25 22.63 20.06 21.45 21.71 21.82  22.4 22.88 22.24 20.46 17.67 17.42
2034  19.3 22.77 20.14 21.57 21.83 21.94 22.54 23.03 22.37 20.54 17.69 17.43
2035 19.36 22.91 20.22 21.67 21.94 22.04 22.66 23.15 22.48 20.62 17.71 17.44
2036 19.39 22.84 20.29 21.79 22.06 22.18  22.8 23.32 22.62 20.71 17.73 17.45
2037 19.47 23.19 20.37  21.9 22.18 22.29 22.94 23.46 22.75  20.8 17.74 17.46
2038 19.53 23.33 20.45 22.01  22.3 22.41 23.07 23.61 22.88 20.89 17.76 17.48
2039 19.59 23.47 20.52 22.12  22.4 22.51 23.19 23.73 22.99 20.96 17.78 17.49
2040     0     0     0     0     0     0     0     0     0     0     0     0
NUM: 144 MASCARENHAS           Penal: 0          0
A~NO ....1 ....2 ....3 ....4 ....5 ....6 ....7 ....8 ....9 ...10 ...11 ...12
2025 -13.3 -10.4-13.01-11.53-11.29-11.11-10.57-10.08-10.65-12.54-15.14-15.33
2026-13.24-10.25-12.93-11.41-11.17-10.98-10.42 -9.92-10.51-12.45-15.12-15.32
2027-13.17-10.09-12.86-11.29-11.06-10.88 -10.3 -9.77-10.38-12.37-15.11-15.31
2028-13.13-10.14-12.78-11.17-10.91-10.72-10.13 -9.59-10.22-12.28 -15.1 -15.3
2029-13.04 -9.79-12.71-11.05-10.79-10.59 -9.98 -9.43-10.08-12.19-15.09 -15.3
2030-12.97 -9.63-12.63-10.93-10.66-10.46 -9.84 -9.28 -9.94 -12.1-15.07-15.29
2031 -12.9 -9.48-12.55-10.81-10.55-10.35 -9.71 -9.13  -9.8-12.02-15.06-15.28
2032-12.86 -9.54-12.47-10.68 -10.4-10.19 -9.53 -8.94 -9.64-11.92-15.05-15.28
2033-12.76 -9.16 -12.4-10.56-10.27-10.05 -9.38 -8.78 -9.49-11.83-15.03-15.27
2034-12.69    -9-12.32-10.44-10.14 -9.92 -9.23 -8.61 -9.35-11.74-15.02-15.26
2035-12.62 -8.84-12.24-10.31-10.03 -9.82  -9.1 -8.47 -9.21-11.66-15.01-15.25
2036-12.59 -8.93-12.16-10.19 -9.88 -9.65 -8.93 -8.28 -9.05-11.56-14.99-15.25
2037-12.48 -8.53-12.08-10.07 -9.75 -9.51 -8.78 -8.12 -8.91-11.47-14.98-15.24
2038-12.41 -8.37-12.01 -9.94 -9.62 -9.38 -8.63 -7.95 -8.76-11.38-14.97-15.23
2039-12.35 -8.21-11.93 -9.82 -9.51 -9.28  -8.5 -7.81 -8.63 -11.3-14.96-15.22
2040     0     0     0     0     0     0     0     0     0     0     0     0
NUM: 145 SUICA                 Penal: 0          0
A~NO ....1 ....2 ....3 ....4 ....5 ....6 ....7 ....8 ....9 ...10 ...11 ...12
2025   0.1   0.2   0.1  0.16  0.19  0.19   0.2  0.24  0.26  0.14  0.09  0.09
2026   0.1  0.21   0.1  0.16   0.2   0.2   0.2  0.25  0.27  0.15  0.09  0.09
2027   0.1  0.22  0.11  0.17   0.2   0.2  0.21  0.26  0.28  0.15   0.1   0.1
2028   0.1  0.22  0.11  0.17  0.21  0.21  0.21  0.27  0.29  0.15   0.1   0.1
2029  0.11  0.23  0.11  0.17  0.21  0.22  0.22  0.27  0.29  0.16   0.1   0.1
2030  0.11  0.23  0.12  0.18  0.22  0.22  0.22  0.28   0.3  0.16   0.1   0.1
2031  0.11  0.24  0.12  0.18  0.22  0.23  0.23  0.29  0.31  0.17  0.11  0.11
2032  0.12  0.24  0.12  0.19  0.23  0.23  0.23  0.29  0.32  0.17  0.11  0.11
2033  0.12  0.25  0.12  0.19  0.23  0.24  0.24   0.3  0.32  0.17  0.11  0.11
2034  0.12  0.26  0.13   0.2  0.24  0.25  0.25  0.31  0.33  0.18  0.11  0.11
2035  0.12  0.26  0.13   0.2  0.24  0.25  0.25  0.31  0.34  0.18  0.12  0.12
2036  0.13  0.26  0.13  0.21  0.25  0.26  0.26  0.32  0.35  0.19  0.12  0.12
2037  0.13  0.28  0.14  0.21  0.26  0.26  0.26  0.33  0.35  0.19  0.12  0.12
2038  0.13  0.28  0.14  0.22  0.26  0.27  0.27  0.34  0.36   0.2  0.12  0.12
2039  0.13  0.29  0.14  0.22  0.27  0.27  0.27  0.34  0.37   0.2  0.13  0.13
2040     0     0     0     0     0     0     0     0     0     0     0     0
NUM: 148 IRAPE                 Penal: 0          0
A~NO ....1 ....2 ....3 ....4 ....5 ....6 ....7 ....8 ....9 ...10 ...11 ...12
2025  0.34  0.86  0.53  0.97  1.26  1.35  1.37  1.38  1.24  0.75  0.15  0.14
2026  0.35  0.88  0.54  0.99   1.3  1.38   1.4  1.42  1.27  0.77  0.15  0.14
2027  0.36  0.91  0.55  1.02  1.33  1.41  1.43  1.46   1.3  0.78  0.15  0.14
2028  0.36   0.9  0.56  1.04  1.37  1.46  1.48   1.5  1.34   0.8  0.15  0.14
2029  0.37  0.95  0.57  1.07   1.4  1.49  1.51  1.53  1.37  0.82  0.16  0.14
2030  0.38  0.97  0.59  1.09  1.44  1.53  1.55  1.57   1.4  0.84  0.16  0.14
2031  0.38     1   0.6  1.12  1.47  1.56  1.58  1.61  1.44  0.86  0.16  0.14
2032  0.39  0.99  0.61  1.15  1.51   1.6  1.63  1.65  1.47  0.88  0.16  0.14
2033   0.4  1.04  0.62  1.17  1.54  1.64  1.66  1.68   1.5   0.9  0.16  0.14
2034  0.41  1.06  0.64   1.2  1.58  1.68   1.7  1.72  1.54  0.92  0.16  0.14
2035  0.41  1.09  0.65  1.22  1.61  1.71  1.73  1.76  1.57  0.93  0.16  0.14
2036  0.41  1.07  0.66  1.25  1.64  1.75  1.78   1.8  1.61  0.95  0.16  0.14
2037  0.43  1.13  0.67  1.27  1.68  1.79  1.81  1.84  1.64  0.97  0.16  0.15
2038  0.43  1.15  0.68   1.3  1.71  1.83  1.85  1.87  1.67  0.99  0.16  0.15
2039  0.44  1.18   0.7  1.33  1.75  1.85  1.88  1.91  1.71  1.01  0.17  0.15
2040     0     0     0     0     0     0     0     0     0     0     0     0
NUM: 155 RETIRO BAIXO          Penal: 0          0
A~NO ....1 ....2 ....3 ....4 ....5 ....6 ....7 ....8 ....9 ...10 ...11 ...12
2025 10.19 11.35  10.9 12.76 13.22 13.23 12.91 12.71 12.05 11.23 10.27 10.16
2026 10.29  11.5 11.03 12.96 13.43 13.44 13.11 12.89  12.2 11.36 10.36 10.25
2027 10.39 11.64 11.15 13.14 13.63 13.63 13.29 13.06 12.35 11.48 10.45 10.33
2028 10.48 11.73 11.27 13.33 13.84 13.85 13.49 13.25  12.5 11.61 10.55 10.42
2029 10.58 11.92 11.39 13.52 14.04 14.05 13.68 13.42 12.65 11.73 10.64  10.5
2030 10.67 12.06  11.5 13.71 14.24 14.25 13.86 13.59 12.79 11.85 10.72 10.59
2031 10.76  12.2 11.62 13.89 14.44 14.45 14.05 13.76 12.94 11.97 10.81 10.67
2032 10.85 12.28 11.74 14.07 14.65 14.66 14.24 13.94 13.09 12.08 10.89 10.74
2033 10.93 12.47 11.85 14.25 14.84 14.86 14.42 14.11 13.23  12.2 10.97 10.82
2034 11.01  12.6 11.95 14.43 15.04 15.06  14.6 14.27 13.36  12.3 11.04 10.89
2035 11.09 12.73 12.06  14.6 15.22 15.24 14.78 14.42 13.49  12.4 11.11 10.95
2036 11.16 12.78 12.16 14.77 15.41 15.44 14.95 14.59 13.62 12.51 11.18 11.01
2037 11.23 12.96 12.25 14.93 15.59 15.62 15.12 14.74 13.74  12.6 11.24 11.07
2038  11.3 13.08 12.34 15.09 15.77  15.8 15.28 14.89 13.87  12.7  11.3 11.13
2039 11.36 13.19 12.43 15.25 15.94 15.97 15.44 15.03 13.98 12.78 11.36 11.18
2040     0     0     0     0     0     0     0     0     0     0     0     0
NUM: 156 TRES MARIAS           Penal: 0          0
A~NO ....1 ....2 ....3 ....4 ....5 ....6 ....7 ....8 ....9 ...10 ...11 ...12
2025  5.05  6.86  6.47  9.31 10.87 11.85 11.88 11.76   9.9  7.78  5.08   4.5
2026  5.13  7.01   6.6  9.57 11.18 12.18 12.21  12.1 10.16  7.96  5.14  4.55
2027   5.2  7.15  6.73  9.82 11.49 12.48 12.52 12.42 10.42  8.13  5.21  4.59
2028  5.27   7.2  6.86 10.08 11.81 12.86 12.88 12.76 10.68  8.31  5.28  4.63
2029  5.34  7.44     7 10.33 12.12 13.19 13.22  13.1 10.95  8.49  5.34  4.67
2030  5.42  7.58  7.12 10.59 12.43 13.53 13.54 13.34 11.16  8.67  5.41  4.71
2031  5.49  7.73  7.26 10.85 12.75 13.83 13.87 13.76 11.48  8.84  5.47  4.75
2032  5.55  7.77  7.39 11.11 13.08 14.22 14.25 14.12 11.75  9.03  5.54  4.79
2033  5.63  8.02  7.52 11.37  13.4 14.57 14.59 14.46 12.01  9.21   5.6  4.83
2034   5.7  8.17  7.65 11.63 13.72 14.92 14.94  14.8 12.28  9.38  5.66  4.87
2035  5.77  8.31  7.78 11.89 14.03 15.22 15.25 15.13 12.54  9.55  5.72  4.91
2036  5.82  8.33  7.91 12.15 14.36 15.61 15.62 15.48 12.81  9.74  5.78  4.94
2037   5.9  8.59  8.04  12.4 14.68 15.95 15.97 15.82 13.07  9.91  5.84  4.97
2038  5.97  8.74  8.16 12.66    15 16.29 16.31 16.16 13.33 10.09   5.9  5.01
2039  6.03  8.88  8.29 12.91  15.3 16.58 16.61 16.47 13.59 10.25  5.95  5.04
2040     0     0     0     0     0     0     0     0     0     0     0     0
NUM: 162 QUEIMADO              Penal: 0          0
A~NO ....1 ....2 ....3 ....4 ....5 ....6 ....7 ....8 ....9 ...10 ...11 ...12
2025  1.37  3.55  1.52  6.92 14.84 13.14 11.09  10.1  7.99  3.59  1.16  1.13
2026  1.39  3.67  1.54  7.16 15.37  13.6 11.46  10.4   8.2  3.67  1.16  1.14
2027  1.41  3.78  1.56  7.41  15.9 13.98 11.82 10.69  8.42  3.76  1.16  1.14
2028  1.42  3.81  1.59  7.65 16.43 14.51  12.2 10.99  8.64  3.84  1.16  1.14
2029  1.44  4.01  1.61   7.9 16.96 14.97 12.56 11.29  8.85  3.93  1.17  1.14
2030  1.46  4.12  1.63  8.14 17.48 15.42 12.93 11.59  9.06  4.01  1.17  1.14
2031  1.47  4.22  1.65  8.37 17.98 15.77 13.27 11.87  9.27  4.09  1.17  1.14
2032  1.48  4.23  1.67  8.59 18.48 16.28 13.62 12.16  9.48  4.17  1.17  1.15
2033   1.5  4.42  1.69  8.82 18.98 16.71 13.96 12.44  9.69  4.25  1.17  1.15
2034  1.52  4.53  1.71  9.04 19.47 17.14 14.31 12.73   9.9  4.33  1.18  1.15
2035  1.53  4.63  1.73  9.27 19.97 17.48 14.64 13.01  10.1  4.41  1.18  1.15
2036  1.54  4.62  1.75  9.49 20.47    18    15  13.3 10.32  4.49  1.18  1.15
2037  1.56  4.83  1.77  9.72 20.97 18.43 15.34 13.59 10.53  4.57  1.18  1.15
2038  1.58  4.93  1.79  9.94 21.47 18.85 15.68 13.87 10.74  4.66  1.19  1.16
2039  1.59  5.03  1.81 10.17 21.96 19.19 16.02 14.15 10.94  4.74  1.19  1.16
2040     0     0     0     0     0     0     0     0     0     0     0     0
NUM: 185 BARRA BRAUNA          Penal: 0          0
A~NO ....1 ....2 ....3 ....4 ....5 ....6 ....7 ....8 ....9 ...10 ...11 ...12
2025  0.64  0.89  0.84  1.51  1.56  1.57  1.76  1.95  1.69   1.2  0.66  0.62
2026  0.64   0.9  0.86  1.54  1.59   1.6   1.8     2  1.72  1.22  0.67  0.62
2027  0.65  0.92  0.87  1.57  1.62  1.63  1.83  2.04  1.75  1.24  0.67  0.63
2028  0.65  0.92  0.88   1.6  1.65  1.66  1.88  2.08  1.79  1.26  0.68  0.63
2029  0.66  0.94  0.89  1.63  1.69   1.7  1.91  2.13  1.83  1.28  0.68  0.63
2030  0.66  0.95   0.9  1.66  1.72  1.73  1.95  2.17  1.86   1.3  0.69  0.64
2031  0.67  0.96  0.91  1.69  1.75  1.76  1.99  2.21   1.9  1.32  0.69  0.64
2032  0.67  0.96  0.92  1.72  1.78  1.79  2.03  2.26  1.94  1.34   0.7  0.65
2033  0.68  0.99  0.93  1.76  1.82  1.83  2.07   2.3  1.97  1.37  0.71  0.65
2034  0.68     1  0.94  1.79  1.85  1.86  2.11  2.35  2.01  1.39  0.71  0.65
2035  0.69  1.01  0.95  1.82  1.88  1.89  2.14  2.39  2.04   1.4  0.72  0.66
2036  0.69  1.01  0.96  1.85  1.91  1.93  2.18  2.43  2.08  1.43  0.72  0.66
2037   0.7  1.04  0.98  1.88  1.95  1.96  2.22  2.48  2.12  1.45  0.73  0.67
2038   0.7  1.05  0.99  1.91  1.98  1.99  2.26  2.52  2.15  1.47  0.73  0.67
2039   0.7  1.06     1  1.94  2.01  2.02  2.29  2.56  2.18  1.49  0.74  0.67
2040     0     0     0     0     0     0     0     0     0     0     0     0
NUM: 192 GUILMAN-AMOR          Penal: 0          0
A~NO ....1 ....2 ....3 ....4 ....5 ....6 ....7 ....8 ....9 ...10 ...11 ...12
2025  2.26   2.5  2.41  2.91  3.04  2.95  2.89  2.98  2.92  2.67  2.31  2.31
2026  2.31  2.55  2.46  2.97  3.11  3.02  2.96  3.05  2.99  2.72  2.35  2.35
2027  2.35   2.6   2.5  3.03  3.17  3.08  3.01  3.11  3.04  2.77  2.39  2.39
2028   2.4  2.64  2.55   3.1  3.24  3.15  3.08  3.18  3.11  2.83  2.44  2.44
2029  2.45  2.71   2.6  3.16  3.31  3.21  3.15  3.25  3.18  2.89  2.49  2.49
2030  2.49  2.76  2.65  3.23  3.38  3.28  3.21  3.31  3.24  2.95  2.54  2.54
2031  2.54  2.82  2.71   3.3  3.45  3.35  3.28  3.38  3.31  3.01  2.58  2.58
2032  2.59  2.86  2.76  3.36  3.52  3.42  3.34  3.45  3.37  3.06  2.63  2.63
2033  2.63  2.92  2.81  3.43  3.59  3.48  3.41  3.52  3.44  3.12  2.67  2.68
2034  2.68  2.97  2.86  3.49  3.66  3.55  3.47  3.58   3.5  3.18  2.72  2.72
2035  2.72  3.03  2.91  3.56  3.73  3.61  3.53  3.65  3.56  3.23  2.77  2.77
2036  2.77  3.07  2.96  3.62   3.8  3.68   3.6  3.72  3.63  3.29  2.81  2.81
2037  2.81  3.13     3  3.68  3.86  3.74  3.65  3.77  3.69  3.34  2.85  2.85
2038  2.85  3.18  3.05  3.74  3.93   3.8  3.72  3.84  3.75   3.4  2.89   2.9
2039   2.9  3.23   3.1  3.81     4  3.87  3.78   3.9  3.81  3.45  2.94  2.94
2040     0     0     0     0     0     0     0     0     0     0     0     0
NUM: 193 SA CARVALHO           Penal: 0          0
A~NO ....1 ....2 ....3 ....4 ....5 ....6 ....7 ....8 ....9 ...10 ...11 ...12
2025 -0.79 -0.78 -0.78 -0.76 -0.75 -0.74 -0.73 -0.72 -0.73 -0.76 -0.79 -0.79
2026 -0.79 -0.78 -0.78 -0.76 -0.75 -0.74 -0.73 -0.72 -0.73 -0.76 -0.79 -0.79
2027 -0.79 -0.78 -0.78 -0.76 -0.75 -0.74 -0.73 -0.72 -0.73 -0.76 -0.79 -0.79
2028 -0.79 -0.78 -0.78 -0.76 -0.75 -0.74 -0.73 -0.71 -0.72 -0.76 -0.79 -0.79
2029 -0.79 -0.78 -0.78 -0.75 -0.75 -0.74 -0.73 -0.71 -0.72 -0.76 -0.79 -0.79
2030 -0.79 -0.78 -0.78 -0.75 -0.74 -0.73 -0.72 -0.71 -0.72 -0.75 -0.79 -0.79
2031 -0.79 -0.78 -0.78 -0.75 -0.74 -0.73 -0.72 -0.71 -0.72 -0.75 -0.79 -0.79
2032 -0.79 -0.78 -0.78 -0.75 -0.74 -0.73 -0.72  -0.7 -0.72 -0.75 -0.79 -0.79
2033 -0.79 -0.78 -0.78 -0.75 -0.74 -0.73 -0.72  -0.7 -0.71 -0.75 -0.79 -0.79
2034 -0.79 -0.78 -0.78 -0.75 -0.74 -0.73 -0.72  -0.7 -0.71 -0.75 -0.79 -0.79
2035 -0.79 -0.78 -0.78 -0.75 -0.74 -0.73 -0.71  -0.7 -0.71 -0.75 -0.79 -0.79
2036 -0.79 -0.78 -0.78 -0.75 -0.74 -0.73 -0.71 -0.69 -0.71 -0.75 -0.79 -0.79
2037 -0.79 -0.77 -0.78 -0.75 -0.73 -0.72 -0.71 -0.69 -0.71 -0.75 -0.79 -0.79
2038 -0.79 -0.77 -0.78 -0.74 -0.73 -0.72 -0.71 -0.69  -0.7 -0.75 -0.79 -0.79
2039 -0.79 -0.77 -0.78 -0.74 -0.73 -0.72 -0.71 -0.69  -0.7 -0.75 -0.79 -0.79
2040     0     0     0     0     0     0     0     0     0     0     0     0
NUM: 195 JAURU                 Penal: 0          0
A~NO ....1 ....2 ....3 ....4 ....5 ....6 ....7 ....8 ....9 ...10 ...11 ...12
2025  1.04  1.04  1.04  1.05  1.05  1.06  1.06  1.07  1.06  1.05  1.05  1.05
2026  1.05  1.05  1.05  1.05  1.05  1.06  1.07  1.07  1.06  1.05  1.05  1.05
2027  1.05  1.05  1.05  1.05  1.05  1.06  1.07  1.07  1.06  1.05  1.05  1.05
2028  1.05  1.05  1.05  1.05  1.06  1.07  1.07  1.07  1.06  1.05  1.05  1.05
2029  1.05  1.05  1.05  1.05  1.06  1.07  1.07  1.07  1.06  1.05  1.05  1.05
2030  1.05  1.05  1.05  1.05  1.06  1.07  1.07  1.07  1.06  1.05  1.05  1.05
2031  1.05  1.05  1.05  1.05  1.06  1.07  1.07  1.08  1.07  1.05  1.05  1.05
2032  1.05  1.05  1.05  1.05  1.06  1.07  1.08  1.08  1.07  1.06  1.05  1.05
2033  1.05  1.05  1.05  1.05  1.06  1.07  1.08  1.08  1.07  1.06  1.05  1.05
2034  1.05  1.05  1.05  1.05  1.06  1.07  1.08  1.08  1.07  1.06  1.05  1.05
2035  1.05  1.05  1.05  1.05  1.06  1.08  1.08  1.08  1.07  1.06  1.05  1.05
2036  1.05  1.05  1.05  1.05  1.06  1.08  1.08  1.09  1.07  1.06  1.05  1.05
2037  1.05  1.05  1.05  1.06  1.06  1.08  1.08  1.09  1.07  1.06  1.05  1.05
2038  1.05  1.05  1.05  1.06  1.07  1.08  1.09  1.09  1.07  1.06  1.05  1.05
2039  1.05  1.05  1.05  1.06  1.07  1.08  1.09  1.09  1.08  1.06  1.05  1.05
2040     0     0     0     0     0     0     0     0     0     0     0     0
NUM: 196 GUAPORE               Penal: 0          0
A~NO ....1 ....2 ....3 ....4 ....5 ....6 ....7 ....8 ....9 ...10 ...11 ...12
2025  3.02  3.02  3.02  3.02  3.02  3.02  3.02  3.02  3.02  3.02  3.02  3.02
2026  3.02  3.02  3.02  3.02  3.02  3.02  3.02  3.02  3.02  3.03  3.03  3.03
2027  3.03  3.03  3.03  3.03  3.03  3.03  3.03  3.03  3.03  3.03  3.03  3.03
2028  3.03  3.03  3.03  3.03  3.03  3.03  3.03  3.03  3.03  3.03  3.03  3.03
2029  3.03  3.03  3.03  3.03  3.03  3.03  3.03  3.03  3.03  3.03  3.03  3.03
2030  3.03  3.03  3.03  3.03  3.03  3.03  3.03  3.03  3.03  3.03  3.03  3.03
2031  3.03  3.03  3.03  3.03  3.03  3.03  3.03  3.03  3.03  3.03  3.03  3.03
2032  3.03  3.03  3.03  3.03  3.03  3.03  3.03  3.03  3.03  3.03  3.03  3.03
2033  3.03  3.03  3.03  3.03  3.03  3.03  3.03  3.03  3.03  3.03  3.03  3.03
2034  3.03  3.03  3.03  3.03  3.03  3.03  3.03  3.03  3.03  3.03  3.03  3.03
2035  3.03  3.03  3.03  3.03  3.03  3.03  3.03  3.03  3.03  3.03  3.03  3.03
2036  3.03  3.03  3.03  3.03  3.03  3.03  3.03  3.03  3.03  3.03  3.03  3.03
2037  3.03  3.03  3.03  3.03  3.03  3.03  3.03  3.03  3.03  3.03  3.03  3.03
2038  3.03  3.04  3.04  3.04  3.04  3.04  3.04  3.04  3.04  3.04  3.04  3.04
2039  3.04  3.04  3.04  3.04  3.04  3.04  3.04  3.04  3.04  3.04  3.04  3.04
2040     0     0     0     0     0     0     0     0     0     0     0     0
NUM: 217 ROSAL                 Penal: 0          0
A~NO ....1 ....2 ....3 ....4 ....5 ....6 ....7 ....8 ....9 ...10 ...11 ...12
2025  2.22  2.29  2.23  2.29  2.35  2.37  2.38   2.4  2.37   2.3  2.22  2.22
2026  2.22  2.29  2.23  2.29  2.35  2.38  2.38  2.41  2.38   2.3  2.22  2.22
2027  2.22  2.29  2.23   2.3  2.36  2.38  2.39  2.42  2.38   2.3  2.22  2.22
2028  2.22  2.29  2.23   2.3  2.36  2.39  2.39  2.42  2.39  2.31  2.22  2.22
2029  2.22   2.3  2.23   2.3  2.37   2.4   2.4  2.43  2.39  2.31  2.22  2.22
2030  2.22   2.3  2.23  2.31  2.37   2.4   2.4  2.43   2.4  2.31  2.22  2.22
2031  2.22  2.31  2.24  2.31  2.37   2.4  2.41  2.44   2.4  2.31  2.22  2.22
2032  2.23   2.3  2.24  2.31  2.38  2.41  2.41  2.45  2.41  2.32  2.22  2.22
2033  2.23  2.31  2.24  2.31  2.38  2.42  2.42  2.45  2.42  2.32  2.22  2.22
2034  2.23  2.31  2.24  2.32  2.39  2.42  2.42  2.46  2.42  2.32  2.22  2.22
2035  2.23  2.32  2.24  2.32  2.39  2.43  2.43  2.46  2.43  2.33  2.22  2.22
2036  2.23  2.32  2.24  2.32   2.4  2.43  2.44  2.47  2.43  2.33  2.22  2.22
2037  2.23  2.32  2.24  2.32   2.4  2.44  2.44  2.48  2.44  2.33  2.23  2.22
2038  2.23  2.32  2.24  2.33  2.41  2.44  2.45  2.48  2.44  2.34  2.23  2.22
2039  2.23  2.33  2.24  2.33  2.41  2.45  2.45  2.49  2.45  2.34  2.23  2.22
2040     0     0     0     0     0     0     0     0     0     0     0     0
NUM: 250 MIRADOR               Penal: 0          0
A~NO ....1 ....2 ....3 ....4 ....5 ....6 ....7 ....8 ....9 ...10 ...11 ...12
2025  1.43  1.54  1.48  4.07  8.07  8.12  7.65   7.4     6  2.93  1.47  1.43
2026  1.43  1.54  1.48  4.27  8.55  8.58  8.07  7.81  6.32  3.04  1.47  1.43
2027  1.43  1.55  1.49  4.46  9.03  9.03  8.48  8.19  6.62  3.14  1.47  1.43
2028  1.43  1.55  1.49  4.66  9.51   9.5  8.91  8.64  6.96  3.26  1.48  1.43
2029  1.43  1.56  1.49  4.86    10  9.95  9.34  9.05  7.29  3.37  1.48  1.43
2030  1.43  1.57   1.5  5.06 10.48 10.42  9.76  9.48  7.62  3.48  1.48  1.43
2031  1.43  1.58   1.5  5.27 10.99 10.89 10.19  9.88  7.92  3.58  1.49  1.43
2032  1.43  1.58   1.5  5.48  11.5 11.39 10.65 10.35   8.3  3.71  1.49  1.43
2033  1.43  1.59  1.51  5.69    12 11.88  11.1 10.79  8.64  3.83  1.49  1.44
2034  1.44   1.6  1.51   5.9 12.51 12.36 11.54 11.23  8.98  3.94   1.5  1.44
2035  1.44  1.61  1.52  6.11 13.02 12.84 11.97 11.62  9.28  4.04   1.5  1.44
2036  1.44  1.61  1.52  6.32 13.53 13.33 12.44  12.1  9.66  4.17   1.5  1.44
2037  1.44  1.62  1.52  6.53 14.04 13.82 12.88 12.54    10  4.29  1.51  1.44
2038  1.44  1.63  1.53  6.74 14.55 14.31 13.33 12.98 10.34   4.4  1.51  1.44
2039  1.44  1.64  1.53  6.95 15.06 14.78 13.74 13.36 10.63  4.49  1.51  1.44
2040     0     0     0     0     0     0     0     0     0     0     0     0
NUM: 251 SERRA MESA            Penal: 0          0
A~NO ....1 ....2 ....3 ....4 ....5 ....6 ....7 ....8 ....9 ...10 ...11 ...12
2025  1.91  2.78  3.39 15.62 23.23 22.22 25.45 30.11 30.11 15.35  2.54  1.97
2026  1.98  2.91  3.52 16.27  24.3 23.32 26.68 31.43 31.35 15.93  2.63  2.05
2027  2.06  3.04  3.65 16.93 25.31 24.35 27.64 32.49 32.46 16.47  2.72  2.13
2028  2.14  3.13  3.78 17.58 26.45 25.52 29.14 34.07 33.83 17.09  2.82   2.2
2029  2.21  3.29  3.92 18.23 27.52 26.62 30.38  35.4 35.07 17.67  2.92  2.28
2030  2.29  3.42  4.05 18.89 28.59 27.71  31.6 36.72 36.32 18.26  3.02  2.35
2031  2.36  3.55  4.18 19.52 29.55 28.68 32.43 37.66 37.35 18.79  3.11  2.43
2032  2.44  3.63  4.31 20.14 30.65 29.79 33.86 39.21  38.7 19.42  3.21  2.51
2033  2.52   3.8  4.44 20.77 31.68 30.83 34.99 40.45 39.89    20   3.3  2.58
2034  2.59  3.93  4.57  21.4 32.71 31.87 36.12  41.7 41.09 20.58   3.4  2.66
2035  2.67  4.06  4.71 22.03 33.65 32.82 36.91 42.61  42.1 21.11  3.49  2.73
2036  2.74  4.14  4.84 22.66 34.76 33.95 38.38 44.19 43.47 21.74  3.59  2.81
2037  2.82  4.32  4.97 23.29 35.79 34.99 39.51 45.43 44.66 22.32  3.68  2.88
2038  2.89  4.44   5.1 23.92 36.82 36.02 40.64 46.68 45.86  22.9  3.78  2.96
2039  2.97  4.57  5.23 24.55 37.76 36.97 41.39 47.55 46.85 23.43  3.87  3.03
2040     0     0     0     0     0     0     0     0     0     0     0     0
NUM: 252 CANA BRAVA            Penal: 0          0
A~NO ....1 ....2 ....3 ....4 ....5 ....6 ....7 ....8 ....9 ...10 ...11 ...12
2025  0.07  0.07  0.07  0.12  0.17  0.11   0.1   0.1   0.1  0.08  0.07  0.08
2026  0.08  0.08  0.08  0.12  0.18  0.12   0.1  0.11   0.1  0.08  0.08  0.08
2027  0.08  0.08  0.08  0.12  0.18  0.12   0.1  0.11   0.1  0.08  0.08  0.08
2028  0.08  0.08  0.08  0.12  0.18  0.12   0.1  0.11   0.1  0.08  0.08  0.08
2029  0.08  0.08  0.08  0.13  0.19  0.12   0.1  0.11   0.1  0.09  0.08  0.08
2030  0.08  0.08  0.08  0.13  0.19  0.13  0.11  0.12  0.11  0.09  0.08  0.08
2031  0.08  0.08  0.08  0.13   0.2  0.13  0.11  0.12  0.11  0.09  0.08  0.08
2032  0.08  0.08  0.08  0.13   0.2  0.13  0.11  0.12  0.11  0.09  0.08  0.08
2033  0.09  0.09  0.09  0.14  0.21  0.13  0.11  0.12  0.11  0.09  0.09  0.09
2034  0.09  0.09  0.09  0.14  0.21  0.14  0.12  0.12  0.12  0.09  0.09  0.09
2035  0.09  0.09  0.09  0.14  0.21  0.14  0.12  0.13  0.12  0.09  0.09  0.09
2036  0.09  0.09  0.09  0.14  0.22  0.14  0.12  0.13  0.12   0.1  0.09  0.09
2037  0.09  0.09  0.09  0.15  0.22  0.14  0.12  0.13  0.12   0.1  0.09  0.09
2038  0.09  0.09  0.09  0.15  0.23  0.15  0.12  0.13  0.12   0.1  0.09  0.09
2039  0.09  0.09  0.09  0.15  0.23  0.15  0.13  0.14  0.13   0.1  0.09  0.09
2040     0     0     0     0     0     0     0     0     0     0     0     0
NUM: 253 SAO SALVADOR          Penal: 0          0
A~NO ....1 ....2 ....3 ....4 ....5 ....6 ....7 ....8 ....9 ...10 ...11 ...12
2025  0.11  0.11  0.11  0.14  0.18  0.17  0.18  0.18  0.16  0.13  0.11  0.11
2026  0.11  0.11  0.11  0.14  0.19  0.18  0.18  0.18  0.17  0.13  0.11  0.11
2027  0.11  0.11  0.11  0.14  0.19  0.18  0.18  0.19  0.17  0.13  0.12  0.12
2028  0.12  0.12  0.12  0.14  0.19  0.18  0.19  0.19  0.17  0.13  0.12  0.12
2029  0.12  0.12  0.12  0.14   0.2  0.19  0.19   0.2  0.18  0.13  0.12  0.12
2030  0.12  0.12  0.12  0.15   0.2  0.19  0.19   0.2  0.18  0.14  0.12  0.12
2031  0.12  0.12  0.12  0.15  0.21   0.2   0.2   0.2  0.18  0.14  0.12  0.12
2032  0.12  0.12  0.12  0.15  0.21   0.2   0.2  0.21  0.19  0.14  0.12  0.12
2033  0.12  0.12  0.12  0.15  0.21   0.2   0.2  0.21  0.19  0.14  0.12  0.12
2034  0.12  0.12  0.12  0.16  0.22  0.21  0.21  0.21  0.19  0.14  0.13  0.13
2035  0.13  0.13  0.13  0.16  0.22  0.21  0.21  0.22  0.19  0.15  0.13  0.13
2036  0.13  0.13  0.13  0.16  0.23  0.21  0.21  0.22   0.2  0.15  0.13  0.13
2037  0.13  0.13  0.13  0.16  0.23  0.22  0.22  0.23   0.2  0.15  0.13  0.13
2038  0.13  0.13  0.13  0.17  0.23  0.22  0.22  0.23   0.2  0.15  0.13  0.13
2039  0.13  0.13  0.13  0.17  0.24  0.22  0.23  0.23  0.21  0.15  0.13  0.13
2040     0     0     0     0     0     0     0     0     0     0     0     0
NUM: 257 PEIXE ANGICA          Penal: 0          0
A~NO ....1 ....2 ....3 ....4 ....5 ....6 ....7 ....8 ....9 ...10 ...11 ...12
2025  0.37  0.38  0.38  0.51  0.84  0.91  0.95  0.93  0.72  0.43  0.38  0.38
2026  0.38  0.38  0.38  0.52  0.85  0.93  0.98  0.95  0.73  0.44  0.38  0.38
2027  0.39  0.39  0.39  0.53  0.87  0.95     1  0.97  0.75  0.45  0.39  0.39
2028  0.39  0.39  0.39  0.53  0.89  0.97  1.02  0.99  0.76  0.46   0.4   0.4
2029   0.4   0.4   0.4  0.54  0.91  0.99  1.04  1.01  0.78  0.46   0.4   0.4
2030   0.4  0.41   0.4  0.55  0.93  1.01  1.06  1.04  0.79  0.47  0.41  0.41
2031  0.41  0.41  0.41  0.56  0.95  1.03  1.08  1.06  0.81  0.48  0.41  0.41
2032  0.41  0.42  0.41  0.57  0.97  1.06  1.11  1.08  0.82  0.48  0.42  0.42
2033  0.42  0.42  0.42  0.58  0.99  1.08  1.13   1.1  0.84  0.49  0.42  0.42
2034  0.43  0.43  0.43  0.59  1.01   1.1  1.15  1.12  0.85   0.5  0.43  0.43
2035  0.43  0.43  0.43   0.6  1.02  1.12  1.17  1.14  0.87   0.5  0.43  0.43
2036  0.44  0.44  0.44  0.61  1.04  1.14   1.2  1.16  0.88  0.51  0.44  0.44
2037  0.44  0.44  0.44  0.62  1.06  1.16  1.22  1.19   0.9  0.52  0.44  0.44
2038  0.45  0.45  0.45  0.63  1.08  1.18  1.24  1.21  0.91  0.53  0.45  0.45
2039  0.45  0.46  0.45  0.64   1.1   1.2  1.26  1.23  0.93  0.53  0.46  0.45
2040     0     0     0     0     0     0     0     0     0     0     0     0
NUM: 261 LAJEADO               Penal: 0          0
A~NO ....1 ....2 ....3 ....4 ....5 ....6 ....7 ....8 ....9 ...10 ...11 ...12
2025  1.56  1.56  1.56  2.31  4.65  4.25  3.48  3.81  3.41  2.09  1.59  1.58
2026  1.58  1.58  1.59  2.36  4.78  4.37  3.56   3.9  3.48  2.12  1.62   1.6
2027   1.6   1.6  1.61  2.41  4.92  4.48  3.63  3.99  3.55  2.15  1.64  1.62
2028  1.62  1.63  1.63  2.46  5.05   4.6  3.72  4.09  3.63  2.19  1.66  1.64
2029  1.64  1.65  1.65  2.51  5.19  4.71   3.8  4.18  3.71  2.22  1.68  1.66
2030  1.66  1.67  1.67  2.56  5.33  4.83  3.85  4.11  3.65  2.26   1.7  1.68
2031  1.68  1.69  1.69  2.61  5.47  4.95  3.96  4.37  3.86  2.29  1.72   1.7
2032  1.71  1.71  1.71  2.66  5.62  5.08  4.05  4.47  3.95  2.33  1.74  1.73
2033  1.73  1.73  1.73  2.71  5.76   5.2  4.14  4.57  4.03  2.37  1.76  1.75
2034  1.75  1.75  1.75  2.77   5.9  5.32  4.22  4.67  4.11  2.41  1.79  1.77
2035  1.77  1.77  1.77  2.82  6.05  5.44   4.3  4.76  4.18  2.44  1.81  1.79
2036  1.79  1.79  1.79  2.87  6.19  5.57  4.39  4.87  4.27  2.48  1.83  1.81
2037  1.81  1.81  1.81  2.92  6.34  5.69  4.48  4.97  4.34  2.52  1.85  1.83
2038  1.83  1.83  1.84  2.97  6.48  5.81  4.56  5.06  4.42  2.55  1.87  1.85
2039  1.85  1.85  1.86  3.03  6.62  5.93  4.63  5.15   4.5  2.58  1.89  1.87
2040     0     0     0     0     0     0     0     0     0     0     0     0
NUM: 278 MANSO                 Penal: 0          0
A~NO ....1 ....2 ....3 ....4 ....5 ....6 ....7 ....8 ....9 ...10 ...11 ...12
2025  0.17  0.17  0.17  0.42  0.91  0.73  0.35  0.26  0.23   0.2  0.19  0.18
2026  0.18  0.18  0.18  0.43  0.93  0.75  0.36  0.26  0.23   0.2  0.19  0.18
2027  0.18  0.18  0.18  0.44  0.94  0.76  0.37  0.27  0.24  0.21  0.19  0.18
2028  0.18  0.18  0.18  0.44  0.96  0.77  0.37  0.27  0.24  0.21  0.19  0.18
2029  0.18  0.18  0.18  0.45  0.98  0.79  0.38  0.27  0.24  0.21   0.2  0.18
2030  0.18  0.18  0.18  0.46     1   0.8  0.38  0.28  0.25  0.21   0.2  0.18
2031  0.18  0.19  0.19  0.47  1.02  0.82  0.39  0.28  0.25  0.22   0.2  0.19
2032  0.19  0.19  0.19  0.47  1.04  0.83  0.39  0.28  0.25  0.22   0.2  0.19
2033  0.19  0.19  0.19  0.48  1.05  0.85   0.4  0.29  0.26  0.22  0.21  0.19
2034  0.19  0.19  0.19  0.49  1.07  0.86  0.41  0.29  0.26  0.23  0.21  0.19
2035  0.19  0.19  0.19   0.5  1.09  0.88  0.41   0.3  0.26  0.23  0.21   0.2
2036   0.2   0.2   0.2  0.51  1.11  0.89  0.42   0.3  0.27  0.23  0.21   0.2
2037   0.2   0.2   0.2  0.51  1.13  0.91  0.43   0.3  0.27  0.23  0.22   0.2
2038   0.2   0.2   0.2  0.52  1.15  0.92  0.43  0.31  0.27  0.24  0.22   0.2
2039   0.2   0.2   0.2  0.53  1.17  0.94  0.44  0.31  0.28  0.24  0.22  0.21
2040     0     0     0     0     0     0     0     0     0     0     0     0
NUM: 281 PONTE PEDRA           Penal: 0          0
A~NO ....1 ....2 ....3 ....4 ....5 ....6 ....7 ....8 ....9 ...10 ...11 ...12
2025  9.94  9.94  9.94  9.95 10.06 10.15 10.25 10.27 10.16 10.05  9.94  9.94
2026  9.94  9.94  9.94  9.96 10.06 10.16 10.26 10.28 10.17 10.05  9.95  9.94
2027  9.94  9.95  9.95  9.96 10.06 10.16 10.26 10.29 10.17 10.06  9.95  9.95
2028  9.95  9.95  9.95  9.96 10.07 10.17 10.27 10.29 10.18 10.06  9.95  9.95
2029  9.95  9.95  9.95  9.97 10.08 10.17 10.28  10.3 10.19 10.06  9.96  9.95
2030  9.95  9.96  9.96  9.97 10.08 10.18 10.28 10.31 10.19 10.07  9.96  9.96
2031  9.96  9.96  9.96  9.97 10.08 10.18 10.28 10.32  10.2 10.08  9.96  9.96
2032  9.96  9.96  9.96  9.98 10.09 10.19  10.3 10.32 10.21 10.08  9.97  9.96
2033  9.96  9.96  9.96  9.98  10.1  10.2 10.31 10.33 10.21 10.08  9.97  9.97
2034  9.97  9.97  9.97  9.98  10.1  10.2 10.31 10.34 10.22 10.09  9.97  9.97
2035  9.97  9.97  9.97  9.98  10.1 10.21 10.31 10.35 10.22  10.1  9.97  9.97
2036  9.97  9.97  9.97  9.99 10.11 10.21 10.33 10.35 10.23 10.09  9.98  9.98
2037  9.98  9.98  9.98  9.99 10.11 10.22 10.33 10.36 10.23  10.1  9.98  9.98
2038  9.98  9.98  9.98  9.99 10.12 10.22 10.34 10.36 10.24  10.1  9.98  9.98
2039  9.98  9.98  9.98    10 10.12 10.23 10.34 10.38 10.25 10.12  9.99  9.98
2040     0     0     0     0     0     0     0     0     0     0     0     0
NUM: 283 STA CLARA MG          Penal: 0          0
A~NO ....1 ....2 ....3 ....4 ....5 ....6 ....7 ....8 ....9 ...10 ...11 ...12
2025  1.62  1.75  1.34  1.51  1.49  1.43  1.33  1.48  1.65  1.41  0.86  0.97
2026  1.65  1.79  1.36  1.54  1.52  1.45  1.36  1.51  1.69  1.44  0.87  0.98
2027  1.68  1.82  1.39  1.57  1.55  1.48  1.38  1.53  1.72  1.46  0.88     1
2028  1.71  1.81  1.41   1.6  1.58  1.51  1.41  1.56  1.75  1.49  0.89  1.01
2029  1.75   1.9  1.44  1.63  1.61  1.54  1.43  1.59  1.79  1.52   0.9  1.02
2030  1.78  1.93  1.46  1.66  1.64  1.56  1.45  1.62  1.82  1.54  0.91  1.04
2031  1.81  1.97  1.49  1.68  1.67  1.59  1.48  1.64  1.85  1.57  0.92  1.05
2032  1.84  1.96  1.52  1.72   1.7  1.62  1.51  1.68  1.89   1.6  0.94  1.07
2033  1.88  2.05  1.54  1.75  1.73  1.65  1.53  1.71  1.93  1.63  0.95  1.08
2034  1.92  2.09  1.57  1.78  1.76  1.68  1.56  1.74  1.96  1.66  0.96  1.09
2035  1.95  2.12  1.59  1.81  1.79  1.71  1.58  1.76  1.99  1.68  0.97  1.11
2036  1.98  2.11  1.62  1.84  1.82  1.74  1.61   1.8  2.03  1.71  0.98  1.12
2037  2.02   2.2  1.65  1.87  1.85  1.76  1.64  1.83  2.07  1.74  0.99  1.14
2038  2.06  2.24  1.67   1.9  1.88  1.79  1.66  1.86   2.1  1.77     1  1.15
2039  2.09  2.28   1.7  1.93  1.91  1.82  1.68  1.88  2.13  1.79  1.01  1.17
2040     0     0     0     0     0     0     0     0     0     0     0     0
NUM: 304 ITIQUIRA 1            Penal: 0          0
A~NO ....1 ....2 ....3 ....4 ....5 ....6 ....7 ....8 ....9 ...10 ...11 ...12
2025   0.6   0.6   0.6  0.65  0.75  0.76  0.76  0.77  0.67  0.62  0.61   0.6
2026   0.6   0.6   0.6  0.65  0.75  0.76  0.76  0.77  0.67  0.62  0.61   0.6
2027   0.6   0.6   0.6  0.65  0.76  0.77  0.76  0.77  0.67  0.63  0.61   0.6
2028   0.6   0.6   0.6  0.66  0.76  0.77  0.77  0.77  0.67  0.63  0.61   0.6
2029   0.6   0.6   0.6  0.66  0.76  0.77  0.77  0.78  0.67  0.63  0.61  0.61
2030   0.6   0.6  0.61  0.66  0.76  0.77  0.77  0.78  0.67  0.63  0.61  0.61
2031  0.61  0.61  0.61  0.66  0.77  0.78  0.77  0.78  0.68  0.63  0.61  0.61
2032  0.61  0.61  0.61  0.66  0.77  0.78  0.78  0.78  0.68  0.63  0.61  0.61
2033  0.61  0.61  0.61  0.66  0.77  0.78  0.78  0.79  0.68  0.63  0.62  0.61
2034  0.61  0.61  0.61  0.66  0.77  0.78  0.78  0.79  0.68  0.63  0.62  0.61
2035  0.61  0.61  0.61  0.67  0.78  0.79  0.78  0.79  0.68  0.63  0.62  0.61
2036  0.61  0.61  0.61  0.67  0.78  0.79  0.79  0.79  0.68  0.64  0.62  0.61
2037  0.61  0.61  0.61  0.67  0.78  0.79  0.79   0.8  0.68  0.64  0.62  0.61
2038  0.61  0.61  0.61  0.67  0.78  0.79  0.79   0.8  0.69  0.64  0.62  0.61
2039  0.61  0.61  0.61  0.67  0.79   0.8  0.79   0.8  0.69  0.64  0.62  0.61
2040     0     0     0     0     0     0     0     0     0     0     0     0
NUM: 305 ITIQUIRA 2            Penal: 0          0
A~NO ....1 ....2 ....3 ....4 ....5 ....6 ....7 ....8 ....9 ...10 ...11 ...12
2025     0     0     0     0     0     0     0     0     0     0     0     0
2026     0     0     0     0     0     0     0     0     0     0     0     0
2027     0     0     0     0     0     0     0     0     0     0     0     0
2028     0     0     0     0     0     0     0     0     0     0     0     0
2029     0     0     0     0     0     0     0     0     0     0     0     0
2030     0     0     0     0     0     0     0     0     0     0     0     0
2031     0     0     0     0     0     0     0     0     0     0     0     0
2032     0     0     0     0     0     0     0     0     0     0     0     0
2033     0     0     0     0     0     0     0     0     0     0     0     0
2034     0     0     0     0     0     0     0     0     0     0     0     0
2035     0     0     0     0     0     0     0     0     0     0     0     0
2036     0     0     0     0     0     0     0     0     0     0     0     0
2037     0     0     0     0     0     0     0     0     0     0     0     0
2038     0     0     0     0     0     0     0     0     0     0     0     0
2039     0     0     0     0     0     0     0     0     0     0     0     0
2040     0     0     0     0     0     0     0     0     0     0     0     0
NUM: 310 DARDANELOS            Penal: 0          0
A~NO ....1 ....2 ....3 ....4 ....5 ....6 ....7 ....8 ....9 ...10 ...11 ...12
2025 21.28 21.28 21.28 21.28 21.28 21.28 21.28 21.28 21.28 21.29 21.29 21.29
2026 21.29 21.29 21.29 21.29 21.29 21.29 21.29 21.29 21.29 21.29 21.29 21.29
2027 21.29 21.29 21.29 21.29  21.3  21.3  21.3  21.3  21.3  21.3  21.3  21.3
2028  21.3  21.3  21.3  21.3  21.3  21.3  21.3  21.3  21.3  21.3  21.3  21.3
2029 21.31 21.31 21.31 21.31 21.31 21.31 21.31 21.31 21.31 21.31 21.31 21.31
2030 21.31 21.31 21.31 21.31 21.31 21.31 21.31 21.32 21.32 21.32 21.32 21.32
2031 21.32 21.32 21.32 21.32 21.32 21.32 21.32 21.32 21.32 21.32 21.32 21.32
2032 21.32 21.32 21.33 21.33 21.33 21.33 21.33 21.33 21.33 21.33 21.33 21.33
2033 21.33 21.33 21.33 21.33 21.33 21.33 21.33 21.33 21.33 21.34 21.34 21.34
2034 21.34 21.34 21.34 21.34 21.34 21.34 21.34 21.34 21.34 21.34 21.34 21.34
2035 21.34 21.34 21.34 21.34 21.35 21.35 21.35 21.35 21.35 21.35 21.35 21.35
2036 21.35 21.35 21.35 21.35 21.35 21.35 21.35 21.35 21.35 21.35 21.36 21.36
2037 21.36 21.36 21.36 21.36 21.36 21.36 21.36 21.36 21.36 21.36 21.36 21.36
2038 21.36 21.36 21.36 21.36 21.36 21.37 21.37 21.37 21.37 21.37 21.37 21.37
2039 21.37 21.37 21.37 21.37 21.37 21.37 21.37 21.37 21.37 21.37 21.37 21.37
2040     0     0     0     0     0     0     0     0     0     0     0     0
NUM: 493 FORMOSO               Penal: 0          0
A~NO ....1 ....2 ....3 ....4 ....5 ....6 ....7 ....8 ....9 ...10 ...11 ...12
2025  0.61  2.03  1.64  5.01  6.92  7.79  8.07  9.09  8.05  4.48  0.69  0.45
2026  0.63  2.11  1.71  5.22  7.21  8.12  8.41  9.47  8.39  4.66   0.7  0.46
2027  0.64  2.19  1.76  5.43  7.48   8.4   8.7  9.84  8.72  4.84  0.72  0.46
2028  0.65  2.21  1.83  5.64  7.79  8.78  9.09 10.25  9.07  5.02  0.74  0.47
2029  0.67  2.35  1.89  5.85  8.08  9.11  9.43 10.63  9.42  5.21  0.75  0.47
2030  0.68  2.43  1.95  6.05  8.37  9.43  9.75 10.97  9.71  5.36  0.77  0.48
2031   0.7   2.5     2  6.23  8.61  9.66  9.98 11.28  9.98  5.51  0.78  0.49
2032  0.71   2.5  2.06  6.41  8.88    10 10.34 11.63 10.29  5.67   0.8  0.49
2033  0.72  2.64  2.11  6.59  9.13 10.29 10.63 11.96 10.58  5.83  0.82   0.5
2034  0.74  2.71  2.17  6.77  9.38 10.57 10.92 12.28 10.86  5.98  0.83  0.51
2035  0.75  2.78  2.22  6.95  9.62 10.79 11.15 12.58 11.13  6.13  0.84  0.51
2036  0.76  2.77  2.28  7.13  9.89 11.14 11.51 12.94 11.44  6.29  0.86  0.52
2037  0.78  2.93  2.33  7.31 10.14 11.43  11.8 13.27 11.73  6.44  0.88  0.53
2038  0.79     3  2.39  7.49 10.39 11.71  12.1 13.59 12.02  6.59  0.89  0.53
2039   0.8  3.07  2.44  7.67 10.63 11.93 12.32 13.89 12.28  6.74  0.91  0.54
2040     0     0     0     0     0     0     0     0     0     0     0     0
NUM:1132 CALHA-CEDAE           Penal: 0          0
A~NO ....1 ....2 ....3 ....4 ....5 ....6 ....7 ....8 ....9 ...10 ...11 ...12
2025     6     6     6     6     6     6     6     6     6     6     6     6
2026     6     6     6     6     6     6     6     6     6     6     6     6
2027     6     6     6     6     6     6     6     6     6     6     6     6
2028     6     6     6     6     6     6     6     6     6     6     6     6
2029     6     6     6     6     6     6     6     6     6     6     6     6
2030     6     6     6     6     6     6     6     6     6     6     6     6
2031     6     6     6     6     6     6     6     6     6     6     6     6
2032     6     6     6     6     6     6     6     6     6     6     6     6
2033     6     6     6     6     6     6     6     6     6     6     6     6
2034     6     6     6     6     6     6     6     6     6     6     6     6
2035     6     6     6     6     6     6     6     6     6     6     6     6
2036     6     6     6     6     6     6     6     6     6     6     6     6
2037     6     6     6     6     6     6     6     6     6     6     6     6
2038     6     6     6     6     6     6     6     6     6     6     6     6
2039     6     6     6     6     6     6     6     6     6     6     6     6
2040     6     6     6     6     6     6     6     6     6     6     6     6
