NUM: 154 ITAPEBI               Penal: 0          0
A~NO ....1 ....2 ....3 ....4 ....5 ....6 ....7 ....8 ....9 ...10 ...11 ...12
2025  4.66  7.16  4.97  6.15  6.79  6.73  6.72  7.47  7.64  5.57  1.91  2.16
2026  4.76  7.35  5.09   6.3  6.96   6.9  6.89  7.65  7.83   5.7  1.93   2.2
2027  4.87  7.53   5.2  6.45  7.12  7.04  7.04  7.83  8.02  5.82  1.96  2.23
2028  4.94  7.45  5.32   6.6  7.31  7.23  7.22  8.03  8.22  5.97  1.99  2.26
2029  5.09  7.89  5.44  6.75  7.48   7.4  7.39  8.22  8.41   6.1  2.01  2.29
2030  5.19  8.07  5.56  6.91  7.65  7.57  7.56   8.4  8.58  6.22  2.04  2.33
2031   5.3  8.26  5.67  7.06  7.81  7.71  7.72  8.59  8.79  6.35  2.06  2.36
2032  5.37  8.15   5.8  7.22     8  7.92   7.9  8.79     9   6.5  2.09   2.4
2033  5.53  8.63  5.92  7.37  8.17  8.09  8.07  8.99   9.2  6.64  2.12  2.44
2034  5.64  8.82  6.04  7.53  8.35  8.26  8.25  9.18  9.39  6.78  2.15  2.47
2035  5.75  9.01  6.15  7.68  8.51   8.4   8.4  9.36  9.58   6.9  2.18   2.5
2036  5.81  8.87  6.28  7.84   8.7  8.61  8.59  9.57  9.79  7.05   2.2  2.54
2037  5.97  9.38   6.4     8  8.87  8.78  8.76  9.76  9.99  7.18  2.23  2.58
2038  6.08  9.57  6.52  8.15  9.05  8.95  8.93  9.95 10.18  7.32  2.26  2.61
2039  6.19  9.75  6.63   8.3  9.21  9.09  9.09 10.13 10.37  7.44  2.29  2.64
2040     0     0     0     0     0     0     0     0     0     0     0     0
NUM: 169 SOBRADINHO            Penal: 0          0
A~NO ....1 ....2 ....3 ....4 ....5 ....6 ....7 ....8 ....9 ...10 ...11 ...12
2025  75.8 106.1 72.64 164.6 264.4 275.6   268   253 211.1   143 34.38 28.84
2026 78.61 110.1 75.13 171.3 275.9 287.8 279.9   264 219.8 148.4 35.46 29.75
2027 81.42   114 77.47 177.8 286.9 299.2 290.9 274.2 227.8 153.5  36.4  30.4
2028 83.66   114  80.1 184.7 298.8 312.3 303.7   286   237 159.3 37.61 31.57
2029 87.06 121.9 82.59 191.4 310.3 324.5 315.6   297 245.7 164.7 38.69 32.49
2030 89.88 125.9 85.11 198.1 321.7 336.6 327.1 306.9 253.2 169.8 39.79 33.43
2031 92.68 129.8 87.52 204.1 331.2 346.1 336.6 316.5 261.1 174.6  40.8 34.11
2032 94.84 129.3 90.27 210.5 341.7 357.5 347.9 327.2 269.8 180.2 42.08 35.38
2033 98.31 137.8 92.86 216.7 351.6   368 358.3   337 277.8 185.4 43.23 36.36
2034 101.1 141.7 95.45 222.9 361.6 378.5 368.6 346.9 285.7 190.6 44.38 37.34
2035 103.9 145.6 97.86 228.9   371 387.9 377.9 355.7   293 195.3 45.38 37.99
2036   106 144.6 100.6 235.3 381.6 399.4 389.3 366.5 301.7 200.9 46.69  39.3
2037 109.6 153.5 103.2 241.5 391.5 409.9 399.7 376.4 309.7 206.1 47.84 40.27
2038 112.4 157.5 105.8 247.7 401.5 420.4 410.1 386.2 317.6 211.3    49 41.26
2039 115.2 161.4 108.2 253.7 410.9 429.7 419.1   395 324.8   216 49.99 41.87
2040     0     0     0     0     0     0     0     0     0     0     0     0
NUM: 172 ITAPARICA             Penal: 0          0
A~NO ....1 ....2 ....3 ....4 ....5 ....6 ....7 ....8 ....9 ...10 ...11 ...12
2025 81.51 79.54 71.99 85.85101.21 87.83 83.36 93.51110.06118.42101.58 86.63
2026 82.68 80.67 72.96  87.1102.76 89.02 84.43  94.8111.72120.28103.11 87.88
2027 83.85  81.8 73.89 88.32104.23 90.07 85.36 95.64112.73121.89 104.3 88.96
2028 84.81 81.02 74.88 89.58105.86 91.41 86.56 97.38115.04   124106.18 90.37
2029 86.18 84.07 75.85 90.83107.42 92.61 87.63 98.67 116.7125.86107.71 91.61
2030 87.34 85.21 76.83  92.1109.02 93.91 88.86100.23118.81 128.3 109.8 93.34
2031 88.99 86.78 78.14 93.85111.17 95.59 90.44101.78120.64 130.8111.66 94.94
2032 90.41 86.26 79.51 95.64 113.5 97.61 92.32 104.3123.87 133.9114.29 96.89
2033 92.28 89.94 80.86 97.41115.74 99.46 94.04106.34 126.4 136.6116.53 98.67
2034 93.93 91.52  82.2 99.18117.98101.31 95.77108.37 128.9 139.4118.77100.44
2035 95.58  93.1 83.52100.94120.11102.98 97.33109.86 130.7 141.9 120.6102.02
2036 96.98 92.35 84.89102.73122.46105.01 99.22112.44   134 144.9123.26103.99
2037 98.87 96.25 86.24 104.5 124.7106.86100.95114.47 136.5 147.7 125.5105.76
2038100.52 97.83 87.58106.27 126.9108.71102.68116.51   139 150.5 127.7107.53
2039102.17 99.41 88.89108.02 129.1110.37104.22117.94 140.7 152.9 129.5109.09
2040     0     0     0     0     0     0     0     0     0     0     0     0
NUM: 176 COMP PAF-MOX          Penal: 0          0
A~NO ....1 ....2 ....3 ....4 ....5 ....6 ....7 ....8 ....9 ...10 ...11 ...12
2025  1.54  2.02  1.88  2.05  2.05  1.77  1.65  2.17  3.02  3.44  2.46  1.55
2026  1.57  2.06  1.92   2.1   2.1   1.8  1.68  2.22  3.08  3.52  2.52  1.58
2027  1.61  2.11  1.96  2.14  2.14  1.84  1.71  2.26  3.14  3.59  2.57  1.61
2028  1.62  2.08     2  2.19  2.19  1.87  1.74  2.31  3.21  3.66  2.63  1.65
2029  1.68  2.19  2.04  2.24  2.23  1.91  1.77  2.36  3.27  3.73  2.68  1.69
2030  1.71  2.24  2.08  2.28  2.28  1.94  1.81   2.4  3.33  3.81  2.74  1.72
2031  1.75  2.29  2.13  2.34  2.33  1.99  1.85  2.46  3.42  3.91   2.8  1.75
2032  1.77  2.27  2.18  2.39  2.39  2.04  1.89  2.52  3.51  4.01  2.88   1.8
2033  1.83   2.4  2.24  2.45  2.45  2.09  1.94  2.58  3.59  4.11  2.94  1.84
2034  1.87  2.46  2.29  2.51   2.5  2.13  1.98  2.64  3.68  4.21  3.01  1.88
2035  1.91  2.51  2.34  2.56  2.56  2.18  2.02   2.7  3.77  4.31  3.07   1.9
2036  1.92  2.48  2.39  2.62  2.61  2.23  2.07  2.76  3.85  4.41  3.15  1.96
2037  1.99  2.62  2.44  2.67  2.67  2.28  2.11  2.82  3.94  4.51  3.21     2
2038  2.03  2.68  2.49  2.73  2.72  2.32  2.15  2.88  4.03  4.61  3.28  2.03
2039  2.07  2.73  2.54  2.78  2.78  2.37  2.19  2.94  4.11  4.71  3.34  2.06
2040     0     0     0     0     0     0     0     0     0     0     0     0
NUM: 178 XINGO                 Penal: 0          0
A~NO ....1 ....2 ....3 ....4 ....5 ....6 ....7 ....8 ....9 ...10 ...11 ...12
2025  0.38  0.39  0.32  0.32  0.31  0.28  0.27  0.32  0.36  0.45  0.38  0.35
2026  0.39   0.4  0.32  0.32  0.31  0.29  0.27  0.32  0.37  0.46  0.39  0.35
2027  0.39   0.4  0.33  0.33  0.31  0.29  0.28  0.33  0.38  0.47   0.4  0.36
2028   0.4   0.4  0.33  0.33  0.32   0.3  0.28  0.33  0.38  0.47   0.4  0.36
2029  0.41  0.41  0.33  0.34  0.32   0.3  0.28  0.34  0.39  0.48  0.41  0.37
2030  0.41  0.42  0.34  0.34  0.33   0.3  0.29  0.34   0.4  0.49  0.42  0.38
2031  0.42  0.43  0.34  0.35  0.33  0.31  0.29  0.35   0.4   0.5  0.42  0.38
2032  0.42  0.42  0.35  0.35  0.34  0.31  0.29  0.35  0.41  0.51  0.43  0.39
2033  0.44  0.44  0.36  0.36  0.34  0.32   0.3  0.36  0.42  0.52  0.44   0.4
2034  0.44  0.45  0.36  0.37  0.35  0.32   0.3  0.36  0.43  0.53  0.45   0.4
2035  0.45  0.46  0.37  0.37  0.35  0.33  0.31  0.37  0.43  0.54  0.45  0.41
2036  0.46  0.46  0.37  0.38  0.36  0.33  0.31  0.37  0.44  0.55  0.46  0.42
2037  0.47  0.48  0.38  0.38  0.37  0.34  0.32  0.38  0.45  0.56  0.47  0.42
2038  0.48  0.48  0.39  0.39  0.37  0.34  0.32  0.39  0.45  0.57  0.48  0.43
2039  0.48  0.49  0.39  0.39  0.38  0.35  0.32  0.39  0.46  0.58  0.48  0.43
2040     0     0     0     0     0     0     0     0     0     0     0     0
NUM: 189 P. CAVALO             Penal: 0          0
A~NO ....1 ....2 ....3 ....4 ....5 ....6 ....7 ....8 ....9 ...10 ...11 ...12
2025 12.95 13.34 12.71 13.43 16.13 14.64 15.24 16.65 18.35 16.72 11.19 11.26
2026 13.11 13.51 12.87 13.59 16.34 14.82 15.43 16.87  18.6 16.95  11.3 11.37
2027 13.27 13.68 13.02 13.75 16.54 14.96 15.58 17.08 18.83 17.16  11.4 11.46
2028 13.38 13.62 13.17 13.91 16.75 15.17  15.8  17.3 19.11 17.39 11.52  11.6
2029 13.58 14.01 13.32 14.06 16.96 15.34 15.98 17.52 19.36 17.61 11.62  11.7
2030 13.74 14.17 13.47 14.22 17.16 15.51 16.17 17.74 19.61 17.84 11.74 11.82
2031  13.9 14.34 13.61 14.37 17.35 15.64 16.31 17.95 19.84 18.05 11.84 11.91
2032 14.01 14.26 13.77 14.53 17.56 15.84 16.53 18.17 20.11 18.29 11.97 12.06
2033 14.22 14.68 13.91 14.69 17.76    16  16.7 18.37 20.36 18.51 12.08 12.17
2034 14.37 14.84 14.06 14.84 17.96 16.16 16.87 18.58  20.6 18.73 12.19 12.28
2035 14.53 15.01  14.2 14.99 18.14 16.28 17.01 18.78 20.81 18.93 12.28 12.36
2036 14.62  14.9 14.35 15.15 18.34 16.48 17.22 18.99 21.08 19.15  12.4  12.5
2037 14.83 15.33 14.49 15.29 18.53 16.64 17.38 19.19 21.31 19.36  12.5  12.6
2038 14.98 15.48 14.62 15.44 18.72 16.79 17.55 19.38 21.54 19.57  12.6 12.71
2039 15.12 15.64 14.75 15.58  18.9  16.9 17.67 19.57 21.74 19.76 12.68 12.77
2040     0     0     0     0     0     0     0     0     0     0     0     0
NUM: 190 B. ESPERANCA          Penal: 0          0
A~NO ....1 ....2 ....3 ....4 ....5 ....6 ....7 ....8 ....9 ...10 ...11 ...12
2025  0.72  0.74  0.71  1.57  4.31  5.17  5.45  5.17  4.13  2.63  1.64  1.46
2026  0.74  0.76  0.72   1.6   4.4  5.29  5.58  5.28  4.21  2.68  1.67  1.48
2027  0.75  0.77  0.73   1.6   4.5  5.43  5.69  5.38  4.29  2.73  1.69   1.5
2028  0.76  0.77  0.74  1.66  4.59  5.52  5.83   5.5  4.38  2.78  1.73  1.53
2029  0.77  0.79  0.75  1.69  4.69  5.64  5.95  5.62  4.47  2.83  1.76  1.56
2030  0.78   0.8  0.76  1.72  4.79  5.76  6.04  5.58  4.46  2.88  1.79  1.58
2031  0.79  0.81  0.77  1.72  4.88  5.91  6.19  5.84  4.64  2.94  1.81  1.61
2032   0.8  0.82  0.78  1.79  4.98  6.01  6.34  5.96  4.73  2.99  1.85  1.64
2033  0.81  0.83  0.79  1.82  5.08  6.14  6.47  6.08  4.82  3.04  1.88  1.66
2034  0.82  0.84   0.8  1.85  5.18  6.26   6.6   6.2  4.91  3.09  1.91  1.69
2035  0.83  0.85  0.81  1.84  5.28  6.41  6.71   6.3  4.99  3.15  1.93  1.71
2036  0.84  0.86  0.81  1.91  5.38  6.51  6.85  6.43  5.08   3.2  1.97  1.74
2037  0.85  0.87  0.82  1.94  5.48  6.63  6.98  6.55  5.17  3.25     2  1.76
2038  0.86  0.88  0.83  1.97  5.57  6.76  7.11  6.67  5.26   3.3  2.03  1.79
2039  0.87  0.89  0.84  1.96  5.67  6.91  7.23  6.77  5.34  3.35  2.05  1.81
2040     0     0     0     0     0     0     0     0     0     0     0     0
