**** Planta:  117 GUARAPIRANGA
A~no ......1 ......2 ......3 ......4 ......5 ......6 ......7 ......8 ......9 .....10 .....11 .....12
2025 146.673 162.944  163.19 176.263 176.263 176.263 181.238 181.238 181.238 181.238 179.668 169.187
2026 146.673 162.944  163.19 176.263 176.263 176.263 181.238 181.238 181.238 181.238 179.668 169.187
2027 146.673 162.944  163.19 176.263 176.263 176.263 181.238 181.238 181.238 181.238 179.668 169.187
2028 146.673 162.944  163.19 176.263 176.263 176.263 181.238 181.238 181.238 181.238 179.668 169.187
2029 146.673 162.944  163.19 176.263 176.263 176.263 181.238 181.238 181.238 181.238 179.668 169.187
2030 146.673 162.944  163.19 176.263 176.263 176.263 181.238 181.238 181.238 181.238 179.668 169.187
2031 146.673 162.944  163.19 176.263 176.263 176.263 181.238 181.238 181.238 181.238 179.668 169.187
2032 146.673 162.944  163.19 176.263 176.263 176.263 181.238 181.238 181.238 181.238 179.668 169.187
2033 146.673 162.944  163.19 176.263 176.263 176.263 181.238 181.238 181.238 181.238 179.668 169.187
2034 146.673 162.944  163.19 176.263 176.263 176.263 181.238 181.238 181.238 181.238 179.668 169.187
2035 146.673 162.944  163.19 176.263 176.263 176.263 181.238 181.238 181.238 181.238 179.668 169.187
2036 146.673 162.944  163.19 176.263 176.263 176.263 181.238 181.238 181.238 181.238 179.668 169.187
2037 146.673 162.944  163.19 176.263 176.263 176.263 181.238 181.238 181.238 181.238 179.668 169.187
2038 146.673 162.944  163.19 176.263 176.263 176.263 181.238 181.238 181.238 181.238 179.668 169.187
2039 146.673 162.944  163.19 176.263 176.263 176.263 181.238 181.238 181.238 181.238 179.668 169.187
**** Planta:  118 BILLINGS    
A~no ......1 ......2 ......3 ......4 ......5 ......6 ......7 ......8 ......9 .....10 .....11 .....12
2025  917.52 954.978 987.231 1006.47 1019.03 1022.43 1038.38 1045.29 1034.99 1013.26 996.284 986.099
2026  917.52 954.978 987.231 1006.47 1019.03 1022.43 1038.38 1045.29 1034.99 1013.26 996.284 986.099
2027  917.52 954.978 987.231 1006.47 1019.03 1022.43 1038.38 1045.29 1034.99 1013.26 996.284 986.099
2028  917.52 954.978 987.231 1006.47 1019.03 1022.43 1038.38 1045.29 1034.99 1013.26 996.284 986.099
2029  917.52 954.978 987.231 1006.47 1019.03 1022.43 1038.38 1045.29 1034.99 1013.26 996.284 986.099
2030  917.52 954.978 987.231 1006.47 1019.03 1022.43 1038.38 1045.29 1034.99 1013.26 996.284 986.099
2031  917.52 954.978 987.231 1006.47 1019.03 1022.43 1038.38 1045.29 1034.99 1013.26 996.284 986.099
2032  917.52 954.978 987.231 1006.47 1019.03 1022.43 1038.38 1045.29 1034.99 1013.26 996.284 986.099
2033  917.52 954.978 987.231 1006.47 1019.03 1022.43 1038.38 1045.29 1034.99 1013.26 996.284 986.099
2034  917.52 954.978 987.231 1006.47 1019.03 1022.43 1038.38 1045.29 1034.99 1013.26 996.284 986.099
2035  917.52 954.978 987.231 1006.47 1019.03 1022.43 1038.38 1045.29 1034.99 1013.26 996.284 986.099
2036  917.52 954.978 987.231 1006.47 1019.03 1022.43 1038.38 1045.29 1034.99 1013.26 996.284 986.099
2037  917.52 954.978 987.231 1006.47 1019.03 1022.43 1038.38 1045.29 1034.99 1013.26 996.284 986.099
2038  917.52 954.978 987.231 1006.47 1019.03 1022.43 1038.38 1045.29 1034.99 1013.26 996.284 986.099
2039  917.52 954.978 987.231 1006.47 1019.03 1022.43 1038.38 1045.29 1034.99 1013.26 996.284 986.099
**** Planta:  122 S.BRANCA PAR
A~no ......1 ......2 ......3 ......4 ......5 ......6 ......7 ......8 ......9 .....10 .....11 .....12
2025  298.86 280.996  378.94     439     439     439     439     439     439     439 388.796  378.94
2026  298.86 280.996  378.94     439     439     439     439     439     439     439 388.796  378.94
2027  298.86 280.996  378.94     439     439     439     439     439     439     439 388.796  378.94
2028  298.86 280.996  378.94     439     439     439     439     439     439     439 388.796  378.94
2029  298.86 280.996  378.94     439     439     439     439     439     439     439 388.796  378.94
2030  298.86 280.996  378.94     439     439     439     439     439     439     439 388.796  378.94
2031  298.86 280.996  378.94     439     439     439     439     439     439     439 388.796  378.94
2032  298.86 280.996  378.94     439     439     439     439     439     439     439 388.796  378.94
2033  298.86 280.996  378.94     439     439     439     439     439     439     439 388.796  378.94
2034  298.86 280.996  378.94     439     439     439     439     439     439     439 388.796  378.94
2035  298.86 280.996  378.94     439     439     439     439     439     439     439 388.796  378.94
2036  298.86 280.996  378.94     439     439     439     439     439     439     439 388.796  378.94
2037  298.86 280.996  378.94     439     439     439     439     439     439     439 388.796  378.94
2038  298.86 280.996  378.94     439     439     439     439     439     439     439 388.796  378.94
2039  298.86 280.996  378.94     439     439     439     439     439     439     439 388.796  378.94
**** Planta:  123 FUNIL       
A~no ......1 ......2 ......3 ......4 ......5 ......6 ......7 ......8 ......9 .....10 .....11 .....12
2025 567.955 576.425 757.925     888     888     888     888     888     888     888  747.64  468.13
2026 567.955 576.425 757.925     888     888     888     888     888     888     888  747.64  468.13
2027 567.955 576.425 757.925     888     888     888     888     888     888     888  747.64  468.13
2028 567.955 576.425 757.925     888     888     888     888     888     888     888  747.64  468.13
2029 567.955 576.425 757.925     888     888     888     888     888     888     888  747.64  468.13
2030 567.955 576.425 757.925     888     888     888     888     888     888     888  747.64  468.13
2031 567.955 576.425 757.925     888     888     888     888     888     888     888  747.64  468.13
2032 567.955 576.425 757.925     888     888     888     888     888     888     888  747.64  468.13
2033 567.955 576.425 757.925     888     888     888     888     888     888     888  747.64  468.13
2034 567.955 576.425 757.925     888     888     888     888     888     888     888  747.64  468.13
2035 567.955 576.425 757.925     888     888     888     888     888     888     888  747.64  468.13
2036 567.955 576.425 757.925     888     888     888     888     888     888     888  747.64  468.13
2037 567.955 576.425 757.925     888     888     888     888     888     888     888  747.64  468.13
2038 567.955 576.425 757.925     888     888     888     888     888     888     888  747.64  468.13
2039 567.955 576.425 757.925     888     888     888     888     888     888     888  747.64  468.13
**** Planta:  124 LAJES       
A~no ......1 ......2 ......3 ......4 ......5 ......6 ......7 ......8 ......9 .....10 .....11 .....12
2025 372.715 372.715 407.808  445.35  445.35 430.565 414.533 400.059 386.075 372.715 372.715 372.715
2026 372.715 372.715 407.808  445.35  445.35 430.565 414.533 400.059 386.075 372.715 372.715 372.715
2027 372.715 372.715 407.808  445.35  445.35 430.565 414.533 400.059 386.075 372.715 372.715 372.715
2028 372.715 372.715 407.808  445.35  445.35 430.565 414.533 400.059 386.075 372.715 372.715 372.715
2029 372.715 372.715 407.808  445.35  445.35 430.565 414.533 400.059 386.075 372.715 372.715 372.715
2030 372.715 372.715 407.808  445.35  445.35 430.565 414.533 400.059 386.075 372.715 372.715 372.715
2031 372.715 372.715 407.808  445.35  445.35 430.565 414.533 400.059 386.075 372.715 372.715 372.715
2032 372.715 372.715 407.808  445.35  445.35 430.565 414.533 400.059 386.075 372.715 372.715 372.715
2033 372.715 372.715 407.808  445.35  445.35 430.565 414.533 400.059 386.075 372.715 372.715 372.715
2034 372.715 372.715 407.808  445.35  445.35 430.565 414.533 400.059 386.075 372.715 372.715 372.715
2035 372.715 372.715 407.808  445.35  445.35 430.565 414.533 400.059 386.075 372.715 372.715 372.715
2036 372.715 372.715 407.808  445.35  445.35 430.565 414.533 400.059 386.075 372.715 372.715 372.715
2037 372.715 372.715 407.808  445.35  445.35 430.565 414.533 400.059 386.075 372.715 372.715 372.715
2038 372.715 372.715 407.808  445.35  445.35 430.565 414.533 400.059 386.075 372.715 372.715 372.715
2039 372.715 372.715 407.808  445.35  445.35 430.565 414.533 400.059 386.075 372.715 372.715 372.715
**** Planta:  148 IRAPE       
A~no ......1 ......2 ......3 ......4 ......5 ......6 ......7 ......8 ......9 .....10 .....11 .....12
2025 5590.63 5760.64 5882.61 5963.92 5963.92 5963.92 5963.92 5963.92 5963.92 5963.92 5501.92 5513.01
2026 5590.63 5760.64 5882.61 5963.92 5963.92 5963.92 5963.92 5963.92 5963.92 5963.92 5501.92 5513.01
2027 5590.63 5760.64 5882.61 5963.92 5963.92 5963.92 5963.92 5963.92 5963.92 5963.92 5501.92 5513.01
2028 5590.63 5760.64 5882.61 5963.92 5963.92 5963.92 5963.92 5963.92 5963.92 5963.92 5501.92 5513.01
2029 5590.63 5760.64 5882.61 5963.92 5963.92 5963.92 5963.92 5963.92 5963.92 5963.92 5501.92 5513.01
2030 5590.63 5760.64 5882.61 5963.92 5963.92 5963.92 5963.92 5963.92 5963.92 5963.92 5501.92 5513.01
2031 5590.63 5760.64 5882.61 5963.92 5963.92 5963.92 5963.92 5963.92 5963.92 5963.92 5501.92 5513.01
2032 5590.63 5760.64 5882.61 5963.92 5963.92 5963.92 5963.92 5963.92 5963.92 5963.92 5501.92 5513.01
2033 5590.63 5760.64 5882.61 5963.92 5963.92 5963.92 5963.92 5963.92 5963.92 5963.92 5501.92 5513.01
2034 5590.63 5760.64 5882.61 5963.92 5963.92 5963.92 5963.92 5963.92 5963.92 5963.92 5501.92 5513.01
2035 5590.63 5760.64 5882.61 5963.92 5963.92 5963.92 5963.92 5963.92 5963.92 5963.92 5501.92 5513.01
2036 5590.63 5760.64 5882.61 5963.92 5963.92 5963.92 5963.92 5963.92 5963.92 5963.92 5501.92 5513.01
2037 5590.63 5760.64 5882.61 5963.92 5963.92 5963.92 5963.92 5963.92 5963.92 5963.92 5501.92 5513.01
2038 5590.63 5760.64 5882.61 5963.92 5963.92 5963.92 5963.92 5963.92 5963.92 5963.92 5501.92 5513.01
2039 5590.63 5760.64 5882.61 5963.92 5963.92 5963.92 5963.92 5963.92 5963.92 5963.92 5501.92 5513.01
**** Planta:  156 TRES MARIAS 
A~no ......1 ......2 ......3 ......4 ......5 ......6 ......7 ......8 ......9 .....10 .....11 .....12
2025 15723.8 17847.4 19115.5   19528   19528   19528   19528   19528   19528   19528 17205.7 14975.2
2026 15723.8 17847.4 19115.5   19528   19528   19528   19528   19528   19528   19528 17205.7 14975.2
2027 15723.8 17847.4 19115.5   19528   19528   19528   19528   19528   19528   19528 17205.7 14975.2
2028 15723.8 17847.4 19115.5   19528   19528   19528   19528   19528   19528   19528 17205.7 14975.2
2029 15723.8 17847.4 19115.5   19528   19528   19528   19528   19528   19528   19528 17205.7 14975.2
2030 15723.8 17847.4 19115.5   19528   19528   19528   19528   19528   19528   19528 17205.7 14975.2
2031 15723.8 17847.4 19115.5   19528   19528   19528   19528   19528   19528   19528 17205.7 14975.2
2032 15723.8 17847.4 19115.5   19528   19528   19528   19528   19528   19528   19528 17205.7 14975.2
2033 15723.8 17847.4 19115.5   19528   19528   19528   19528   19528   19528   19528 17205.7 14975.2
2034 15723.8 17847.4 19115.5   19528   19528   19528   19528   19528   19528   19528 17205.7 14975.2
2035 15723.8 17847.4 19115.5   19528   19528   19528   19528   19528   19528   19528 17205.7 14975.2
2036 15723.8 17847.4 19115.5   19528   19528   19528   19528   19528   19528   19528 17205.7 14975.2
2037 15723.8 17847.4 19115.5   19528   19528   19528   19528   19528   19528   19528 17205.7 14975.2
2038 15723.8 17847.4 19115.5   19528   19528   19528   19528   19528   19528   19528 17205.7 14975.2
2039 15723.8 17847.4 19115.5   19528   19528   19528   19528   19528   19528   19528 17205.7 14975.2
**** Planta:  162 QUEIMADO    
A~no ......1 ......2 ......3 ......4 ......5 ......6 ......7 ......8 ......9 .....10 .....11 .....12
2025 497.434 520.983 544.995     557     557     557     557     557     557     557  461.88 473.885
2026 497.434 520.983 544.995     557     557     557     557     557     557     557  461.88 473.885
2027 497.434 520.983 544.995     557     557     557     557     557     557     557  461.88 473.885
2028 497.434 520.983 544.995     557     557     557     557     557     557     557  461.88 473.885
2029 497.434 520.983 544.995     557     557     557     557     557     557     557  461.88 473.885
2030 497.434 520.983 544.995     557     557     557     557     557     557     557  461.88 473.885
2031 497.434 520.983 544.995     557     557     557     557     557     557     557  461.88 473.885
2032 497.434 520.983 544.995     557     557     557     557     557     557     557  461.88 473.885
2033 497.434 520.983 544.995     557     557     557     557     557     557     557  461.88 473.885
2034 497.434 520.983 544.995     557     557     557     557     557     557     557  461.88 473.885
2035 497.434 520.983 544.995     557     557     557     557     557     557     557  461.88 473.885
2036 497.434 520.983 544.995     557     557     557     557     557     557     557  461.88 473.885
2037 497.434 520.983 544.995     557     557     557     557     557     557     557  461.88 473.885
2038 497.434 520.983 544.995     557     557     557     557     557     557     557  461.88 473.885
2039 497.434 520.983 544.995     557     557     557     557     557     557     557  461.88 473.885
