**** Planta:    1 CAMARGOS    
A~no ......1 ......2 ......3 ......4 ......5 ......6 ......7 ......8 ......9 .....10 .....11 .....12
2025 621.984  751.68     792     792     792     792     792     792     792     792  751.68 631.392
2026 621.984  751.68     792     792     792     792     792     792     792     792  751.68 631.392
2027 621.984  751.68     792     792     792     792     792     792     792     792  751.68 631.392
2028 621.984  751.68     792     792     792     792     792     792     792     792  751.68 631.392
2029 621.984  751.68     792     792     792     792     792     792     792     792  751.68 631.392
2030 621.984  751.68     792     792     792     792     792     792     792     792  751.68 631.392
2031 621.984  751.68     792     792     792     792     792     792     792     792  751.68 631.392
2032 621.984  751.68     792     792     792     792     792     792     792     792  751.68 631.392
2033 621.984  751.68     792     792     792     792     792     792     792     792  751.68 631.392
2034 621.984  751.68     792     792     792     792     792     792     792     792  751.68 631.392
2035 621.984  751.68     792     792     792     792     792     792     792     792  751.68 631.392
2036 621.984  751.68     792     792     792     792     792     792     792     792  751.68 631.392
2037 621.984  751.68     792     792     792     792     792     792     792     792  751.68 631.392
2038 621.984  751.68     792     792     792     792     792     792     792     792  751.68 631.392
2039 621.984  751.68     792     792     792     792     792     792     792     792  751.68 631.392
**** Planta:    6 FURNAS      
A~no ......1 ......2 ......3 ......4 ......5 ......6 ......7 ......8 ......9 .....10 .....11 .....12
2025 21985.9 21985.9 22433.5   22950   22950   22950   22950   22950   22950   22950 22416.3 21985.9
2026 21985.9 21985.9 22433.5   22950   22950   22950   22950   22950   22950   22950 22416.3 21985.9
2027 21985.9 21985.9 22433.5   22950   22950   22950   22950   22950   22950   22950 22416.3 21985.9
2028 21985.9 21985.9 22433.5   22950   22950   22950   22950   22950   22950   22950 22416.3 21985.9
2029 21985.9 21985.9 22433.5   22950   22950   22950   22950   22950   22950   22950 22416.3 21985.9
2030 21985.9 21985.9 22433.5   22950   22950   22950   22950   22950   22950   22950 22416.3 21985.9
2031 21985.9 21985.9 22433.5   22950   22950   22950   22950   22950   22950   22950 22416.3 21985.9
2032 21985.9 21985.9 22433.5   22950   22950   22950   22950   22950   22950   22950 22416.3 21985.9
2033 21985.9 21985.9 22433.5   22950   22950   22950   22950   22950   22950   22950 22416.3 21985.9
2034 21985.9 21985.9 22433.5   22950   22950   22950   22950   22950   22950   22950 22416.3 21985.9
2035 21985.9 21985.9 22433.5   22950   22950   22950   22950   22950   22950   22950 22416.3 21985.9
2036 21985.9 21985.9 22433.5   22950   22950   22950   22950   22950   22950   22950 22416.3 21985.9
2037 21985.9 21985.9 22433.5   22950   22950   22950   22950   22950   22950   22950 22416.3 21985.9
2038 21985.9 21985.9 22433.5   22950   22950   22950   22950   22950   22950   22950 22416.3 21985.9
2039 21985.9 21985.9 22433.5   22950   22950   22950   22950   22950   22950   22950 22416.3 21985.9
**** Planta:    7 MASC. MORAES
A~no ......1 ......2 ......3 ......4 ......5 ......6 ......7 ......8 ......9 .....10 .....11 .....12
2025    3540    3655    3885    4040    4040    4040    4040    4040    4040    4040    3680    3540
2026    3540    3655    3885    4040    4040    4040    4040    4040    4040    4040    3680    3540
2027    3540    3655    3885    4040    4040    4040    4040    4040    4040    4040    3680    3540
2028    3540    3655    3885    4040    4040    4040    4040    4040    4040    4040    3680    3540
2029    3540    3655    3885    4040    4040    4040    4040    4040    4040    4040    3680    3540
2030    3540    3655    3885    4040    4040    4040    4040    4040    4040    4040    3680    3540
2031    3540    3655    3885    4040    4040    4040    4040    4040    4040    4040    3680    3540
2032    3540    3655    3885    4040    4040    4040    4040    4040    4040    4040    3680    3540
2033    3540    3655    3885    4040    4040    4040    4040    4040    4040    4040    3680    3540
2034    3540    3655    3885    4040    4040    4040    4040    4040    4040    4040    3680    3540
2035    3540    3655    3885    4040    4040    4040    4040    4040    4040    4040    3680    3540
2036    3540    3655    3885    4040    4040    4040    4040    4040    4040    4040    3680    3540
2037    3540    3655    3885    4040    4040    4040    4040    4040    4040    4040    3680    3540
2038    3540    3655    3885    4040    4040    4040    4040    4040    4040    4040    3680    3540
2039    3540    3655    3885    4040    4040    4040    4040    4040    4040    4040    3680    3540
**** Planta:   14 CACONDE     
A~no ......1 ......2 ......3 ......4 ......5 ......6 ......7 ......8 ......9 .....10 .....11 .....12
2025  534.84  544.92     555     555     555     555     555     555     555     555  524.76  524.76
2026  534.84  544.92     555     555     555     555     555     555     555     555  524.76  524.76
2027  534.84  544.92     555     555     555     555     555     555     555     555  524.76  524.76
2028  534.84  544.92     555     555     555     555     555     555     555     555  524.76  524.76
2029  534.84  544.92     555     555     555     555     555     555     555     555  524.76  524.76
2030  534.84  544.92     555     555     555     555     555     555     555     555  524.76  524.76
2031  534.84  544.92     555     555     555     555     555     555     555     555  524.76  524.76
2032  534.84  544.92     555     555     555     555     555     555     555     555  524.76  524.76
2033  534.84  544.92     555     555     555     555     555     555     555     555  524.76  524.76
2034  534.84  544.92     555     555     555     555     555     555     555     555  524.76  524.76
2035  534.84  544.92     555     555     555     555     555     555     555     555  524.76  524.76
2036  534.84  544.92     555     555     555     555     555     555     555     555  524.76  524.76
2037  534.84  544.92     555     555     555     555     555     555     555     555  524.76  524.76
2038  534.84  544.92     555     555     555     555     555     555     555     555  524.76  524.76
2039  534.84  544.92     555     555     555     555     555     555     555     555  524.76  524.76
**** Planta:   17 MARIMBONDO  
A~no ......1 ......2 ......3 ......4 ......5 ......6 ......7 ......8 ......9 .....10 .....11 .....12
2025 4977.02 5187.42 5429.38 5671.34 5671.34 5671.34 5671.34 5671.34 5671.34 5671.34 5061.18 4824.48
2026 4977.02 5187.42 5429.38 5671.34 5671.34 5671.34 5671.34 5671.34 5671.34 5671.34 5061.18 4824.48
2027 4977.02 5187.42 5429.38 5671.34 5671.34 5671.34 5671.34 5671.34 5671.34 5671.34 5061.18 4824.48
2028 4977.02 5187.42 5429.38 5671.34 5671.34 5671.34 5671.34 5671.34 5671.34 5671.34 5061.18 4824.48
2029 4977.02 5187.42 5429.38 5671.34 5671.34 5671.34 5671.34 5671.34 5671.34 5671.34 5061.18 4824.48
2030 4977.02 5187.42 5429.38 5671.34 5671.34 5671.34 5671.34 5671.34 5671.34 5671.34 5061.18 4824.48
2031 4977.02 5187.42 5429.38 5671.34 5671.34 5671.34 5671.34 5671.34 5671.34 5671.34 5061.18 4824.48
2032 4977.02 5187.42 5429.38 5671.34 5671.34 5671.34 5671.34 5671.34 5671.34 5671.34 5061.18 4824.48
2033 4977.02 5187.42 5429.38 5671.34 5671.34 5671.34 5671.34 5671.34 5671.34 5671.34 5061.18 4824.48
2034 4977.02 5187.42 5429.38 5671.34 5671.34 5671.34 5671.34 5671.34 5671.34 5671.34 5061.18 4824.48
2035 4977.02 5187.42 5429.38 5671.34 5671.34 5671.34 5671.34 5671.34 5671.34 5671.34 5061.18 4824.48
2036 4977.02 5187.42 5429.38 5671.34 5671.34 5671.34 5671.34 5671.34 5671.34 5671.34 5061.18 4824.48
2037 4977.02 5187.42 5429.38 5671.34 5671.34 5671.34 5671.34 5671.34 5671.34 5671.34 5061.18 4824.48
2038 4977.02 5187.42 5429.38 5671.34 5671.34 5671.34 5671.34 5671.34 5671.34 5671.34 5061.18 4824.48
2039 4977.02 5187.42 5429.38 5671.34 5671.34 5671.34 5671.34 5671.34 5671.34 5671.34 5061.18 4824.48
**** Planta:   18 A. VERMELHA 
A~no ......1 ......2 ......3 ......4 ......5 ......6 ......7 ......8 ......9 .....10 .....11 .....12
2025 10249.7 10482.3 10756.2   11025   11025   11025   11025   11025   11025   11025 10342.7 9370.92
2026 10249.7 10482.3 10756.2   11025   11025   11025   11025   11025   11025   11025 10342.7 9370.92
2027 10249.7 10482.3 10756.2   11025   11025   11025   11025   11025   11025   11025 10342.7 9370.92
2028 10249.7 10482.3 10756.2   11025   11025   11025   11025   11025   11025   11025 10342.7 9370.92
2029 10249.7 10482.3 10756.2   11025   11025   11025   11025   11025   11025   11025 10342.7 9370.92
2030 10249.7 10482.3 10756.2   11025   11025   11025   11025   11025   11025   11025 10342.7 9370.92
2031 10249.7 10482.3 10756.2   11025   11025   11025   11025   11025   11025   11025 10342.7 9370.92
2032 10249.7 10482.3 10756.2   11025   11025   11025   11025   11025   11025   11025 10342.7 9370.92
2033 10249.7 10482.3 10756.2   11025   11025   11025   11025   11025   11025   11025 10342.7 9370.92
2034 10249.7 10482.3 10756.2   11025   11025   11025   11025   11025   11025   11025 10342.7 9370.92
2035 10249.7 10482.3 10756.2   11025   11025   11025   11025   11025   11025   11025 10342.7 9370.92
2036 10249.7 10482.3 10756.2   11025   11025   11025   11025   11025   11025   11025 10342.7 9370.92
2037 10249.7 10482.3 10756.2   11025   11025   11025   11025   11025   11025   11025 10342.7 9370.92
2038 10249.7 10482.3 10756.2   11025   11025   11025   11025   11025   11025   11025 10342.7 9370.92
2039 10249.7 10482.3 10756.2   11025   11025   11025   11025   11025   11025   11025 10342.7 9370.92
**** Planta:   24 EMBORCACAO  
A~no ......1 ......2 ......3 ......4 ......5 ......6 ......7 ......8 ......9 .....10 .....11 .....12
2025 17346.4 17424.7 17646.7   17725   17725   17725   17725   17725   17725   17725 17437.8 17281.1
2026 17346.4 17424.7 17646.7   17725   17725   17725   17725   17725   17725   17725 17437.8 17281.1
2027 17346.4 17424.7 17646.7   17725   17725   17725   17725   17725   17725   17725 17437.8 17281.1
2028 17346.4 17424.7 17646.7   17725   17725   17725   17725   17725   17725   17725 17437.8 17281.1
2029 17346.4 17424.7 17646.7   17725   17725   17725   17725   17725   17725   17725 17437.8 17281.1
2030 17346.4 17424.7 17646.7   17725   17725   17725   17725   17725   17725   17725 17437.8 17281.1
2031 17346.4 17424.7 17646.7   17725   17725   17725   17725   17725   17725   17725 17437.8 17281.1
2032 17346.4 17424.7 17646.7   17725   17725   17725   17725   17725   17725   17725 17437.8 17281.1
2033 17346.4 17424.7 17646.7   17725   17725   17725   17725   17725   17725   17725 17437.8 17281.1
2034 17346.4 17424.7 17646.7   17725   17725   17725   17725   17725   17725   17725 17437.8 17281.1
2035 17346.4 17424.7 17646.7   17725   17725   17725   17725   17725   17725   17725 17437.8 17281.1
2036 17346.4 17424.7 17646.7   17725   17725   17725   17725   17725   17725   17725 17437.8 17281.1
2037 17346.4 17424.7 17646.7   17725   17725   17725   17725   17725   17725   17725 17437.8 17281.1
2038 17346.4 17424.7 17646.7   17725   17725   17725   17725   17725   17725   17725 17437.8 17281.1
2039 17346.4 17424.7 17646.7   17725   17725   17725   17725   17725   17725   17725 17437.8 17281.1
**** Planta:   25 NOVA PONTE  
A~no ......1 ......2 ......3 ......4 ......5 ......6 ......7 ......8 ......9 .....10 .....11 .....12
2025 12542.9 12584.4 12677.8   12792   12792   12792   12792   12792   12792   12792 12594.8 12501.4
2026 12542.9 12584.4 12677.8   12792   12792   12792   12792   12792   12792   12792 12594.8 12501.4
2027 12542.9 12584.4 12677.8   12792   12792   12792   12792   12792   12792   12792 12594.8 12501.4
2028 12542.9 12584.4 12677.8   12792   12792   12792   12792   12792   12792   12792 12594.8 12501.4
2029 12542.9 12584.4 12677.8   12792   12792   12792   12792   12792   12792   12792 12594.8 12501.4
2030 12542.9 12584.4 12677.8   12792   12792   12792   12792   12792   12792   12792 12594.8 12501.4
2031 12542.9 12584.4 12677.8   12792   12792   12792   12792   12792   12792   12792 12594.8 12501.4
2032 12542.9 12584.4 12677.8   12792   12792   12792   12792   12792   12792   12792 12594.8 12501.4
2033 12542.9 12584.4 12677.8   12792   12792   12792   12792   12792   12792   12792 12594.8 12501.4
2034 12542.9 12584.4 12677.8   12792   12792   12792   12792   12792   12792   12792 12594.8 12501.4
2035 12542.9 12584.4 12677.8   12792   12792   12792   12792   12792   12792   12792 12594.8 12501.4
2036 12542.9 12584.4 12677.8   12792   12792   12792   12792   12792   12792   12792 12594.8 12501.4
2037 12542.9 12584.4 12677.8   12792   12792   12792   12792   12792   12792   12792 12594.8 12501.4
2038 12542.9 12584.4 12677.8   12792   12792   12792   12792   12792   12792   12792 12594.8 12501.4
2039 12542.9 12584.4 12677.8   12792   12792   12792   12792   12792   12792   12792 12594.8 12501.4
**** Planta:   31 ITUMBIARA   
A~no ......1 ......2 ......3 ......4 ......5 ......6 ......7 ......8 ......9 .....10 .....11 .....12
2025 16155.2 16366.9 16665.8   17027   17027   17027   17027   17027   17027   17027 16404.3 15868.8
2026 16155.2 16366.9 16665.8   17027   17027   17027   17027   17027   17027   17027 16404.3 15868.8
2027 16155.2 16366.9 16665.8   17027   17027   17027   17027   17027   17027   17027 16404.3 15868.8
2028 16155.2 16366.9 16665.8   17027   17027   17027   17027   17027   17027   17027 16404.3 15868.8
2029 16155.2 16366.9 16665.8   17027   17027   17027   17027   17027   17027   17027 16404.3 15868.8
2030 16155.2 16366.9 16665.8   17027   17027   17027   17027   17027   17027   17027 16404.3 15868.8
2031 16155.2 16366.9 16665.8   17027   17027   17027   17027   17027   17027   17027 16404.3 15868.8
2032 16155.2 16366.9 16665.8   17027   17027   17027   17027   17027   17027   17027 16404.3 15868.8
2033 16155.2 16366.9 16665.8   17027   17027   17027   17027   17027   17027   17027 16404.3 15868.8
2034 16155.2 16366.9 16665.8   17027   17027   17027   17027   17027   17027   17027 16404.3 15868.8
2035 16155.2 16366.9 16665.8   17027   17027   17027   17027   17027   17027   17027 16404.3 15868.8
2036 16155.2 16366.9 16665.8   17027   17027   17027   17027   17027   17027   17027 16404.3 15868.8
2037 16155.2 16366.9 16665.8   17027   17027   17027   17027   17027   17027   17027 16404.3 15868.8
2038 16155.2 16366.9 16665.8   17027   17027   17027   17027   17027   17027   17027 16404.3 15868.8
2039 16155.2 16366.9 16665.8   17027   17027   17027   17027   17027   17027   17027 16404.3 15868.8
**** Planta:   33 SAO SIMAO   
A~no ......1 ......2 ......3 ......4 ......5 ......6 ......7 ......8 ......9 .....10 .....11 .....12
2025 11409.8 11902.9 12229.8   12540   12540   12540   12540   12540   12540   12540 11542.8 10606.5
2026 11409.8 11902.9 12229.8   12540   12540   12540   12540   12540   12540   12540 11542.8 10606.5
2027 11409.8 11902.9 12229.8   12540   12540   12540   12540   12540   12540   12540 11542.8 10606.5
2028 11409.8 11902.9 12229.8   12540   12540   12540   12540   12540   12540   12540 11542.8 10606.5
2029 11409.8 11902.9 12229.8   12540   12540   12540   12540   12540   12540   12540 11542.8 10606.5
2030 11409.8 11902.9 12229.8   12540   12540   12540   12540   12540   12540   12540 11542.8 10606.5
2031 11409.8 11902.9 12229.8   12540   12540   12540   12540   12540   12540   12540 11542.8 10606.5
2032 11409.8 11902.9 12229.8   12540   12540   12540   12540   12540   12540   12540 11542.8 10606.5
2033 11409.8 11902.9 12229.8   12540   12540   12540   12540   12540   12540   12540 11542.8 10606.5
2034 11409.8 11902.9 12229.8   12540   12540   12540   12540   12540   12540   12540 11542.8 10606.5
2035 11409.8 11902.9 12229.8   12540   12540   12540   12540   12540   12540   12540 11542.8 10606.5
2036 11409.8 11902.9 12229.8   12540   12540   12540   12540   12540   12540   12540 11542.8 10606.5
2037 11409.8 11902.9 12229.8   12540   12540   12540   12540   12540   12540   12540 11542.8 10606.5
2038 11409.8 11902.9 12229.8   12540   12540   12540   12540   12540   12540   12540 11542.8 10606.5
2039 11409.8 11902.9 12229.8   12540   12540   12540   12540   12540   12540   12540 11542.8 10606.5
**** Planta:   34 _I. SOLTEIRA
A~no ......1 ......2 ......3 ......4 ......5 ......6 ......7 ......8 ......9 .....10 .....11 .....12
2025 19192.9 19765.1 20609.3   21060   21060   21060   21060   21060   21060   21060 19192.9 19192.9
2026 19192.9 19765.1 20609.3   21060   21060   21060   21060   21060   21060   21060 19192.9 19192.9
2027 19192.9 19765.1 20609.3   21060   21060   21060   21060   21060   21060   21060 19192.9 19192.9
2028 19192.9 19765.1 20609.3   21060   21060   21060   21060   21060   21060   21060 19192.9 19192.9
2029 19192.9 19765.1 20609.3   21060   21060   21060   21060   21060   21060   21060 19192.9 19192.9
2030 19192.9 19765.1 20609.3   21060   21060   21060   21060   21060   21060   21060 19192.9 19192.9
2031 19192.9 19765.1 20609.3   21060   21060   21060   21060   21060   21060   21060 19192.9 19192.9
2032 19192.9 19765.1 20609.3   21060   21060   21060   21060   21060   21060   21060 19192.9 19192.9
2033 19192.9 19765.1 20609.3   21060   21060   21060   21060   21060   21060   21060 19192.9 19192.9
2034 19192.9 19765.1 20609.3   21060   21060   21060   21060   21060   21060   21060 19192.9 19192.9
2035 19192.9 19765.1 20609.3   21060   21060   21060   21060   21060   21060   21060 19192.9 19192.9
2036 19192.9 19765.1 20609.3   21060   21060   21060   21060   21060   21060   21060 19192.9 19192.9
2037 19192.9 19765.1 20609.3   21060   21060   21060   21060   21060   21060   21060 19192.9 19192.9
2038 19192.9 19765.1 20609.3   21060   21060   21060   21060   21060   21060   21060 19192.9 19192.9
2039 19192.9 19765.1 20609.3   21060   21060   21060   21060   21060   21060   21060 19192.9 19192.9
**** Planta:   37 BARRA BONITA
A~no ......1 ......2 ......3 ......4 ......5 ......6 ......7 ......8 ......9 .....10 .....11 .....12
2025 2963.08 3009.27 3052.89 3114.47 3124.74    3135    3135    3135    3135    3135 2983.61 2929.72
2026 2963.08 3009.27 3052.89 3114.47 3124.74    3135    3135    3135    3135    3135 2983.61 2929.72
2027 2963.08 3009.27 3052.89 3114.47 3124.74    3135    3135    3135    3135    3135 2983.61 2929.72
2028 2963.08 3009.27 3052.89 3114.47 3124.74    3135    3135    3135    3135    3135 2983.61 2929.72
2029 2963.08 3009.27 3052.89 3114.47 3124.74    3135    3135    3135    3135    3135 2983.61 2929.72
2030 2963.08 3009.27 3052.89 3114.47 3124.74    3135    3135    3135    3135    3135 2983.61 2929.72
2031 2963.08 3009.27 3052.89 3114.47 3124.74    3135    3135    3135    3135    3135 2983.61 2929.72
2032 2963.08 3009.27 3052.89 3114.47 3124.74    3135    3135    3135    3135    3135 2983.61 2929.72
2033 2963.08 3009.27 3052.89 3114.47 3124.74    3135    3135    3135    3135    3135 2983.61 2929.72
2034 2963.08 3009.27 3052.89 3114.47 3124.74    3135    3135    3135    3135    3135 2983.61 2929.72
2035 2963.08 3009.27 3052.89 3114.47 3124.74    3135    3135    3135    3135    3135 2983.61 2929.72
2036 2963.08 3009.27 3052.89 3114.47 3124.74    3135    3135    3135    3135    3135 2983.61 2929.72
2037 2963.08 3009.27 3052.89 3114.47 3124.74    3135    3135    3135    3135    3135 2983.61 2929.72
2038 2963.08 3009.27 3052.89 3114.47 3124.74    3135    3135    3135    3135    3135 2983.61 2929.72
2039 2963.08 3009.27 3052.89 3114.47 3124.74    3135    3135    3135    3135    3135 2983.61 2929.72
**** Planta:   40 PROMISSAO   
A~no ......1 ......2 ......3 ......4 ......5 ......6 ......7 ......8 ......9 .....10 .....11 .....12
2025 6507.86 7229.25 7318.62    7408    7408    7408    7408    7408    7408    7408 6456.78 6456.78
2026 6507.86 7229.25 7318.62    7408    7408    7408    7408    7408    7408    7408 6456.78 6456.78
2027 6507.86 7229.25 7318.62    7408    7408    7408    7408    7408    7408    7408 6456.78 6456.78
2028 6507.86 7229.25 7318.62    7408    7408    7408    7408    7408    7408    7408 6456.78 6456.78
2029 6507.86 7229.25 7318.62    7408    7408    7408    7408    7408    7408    7408 6456.78 6456.78
2030 6507.86 7229.25 7318.62    7408    7408    7408    7408    7408    7408    7408 6456.78 6456.78
2031 6507.86 7229.25 7318.62    7408    7408    7408    7408    7408    7408    7408 6456.78 6456.78
2032 6507.86 7229.25 7318.62    7408    7408    7408    7408    7408    7408    7408 6456.78 6456.78
2033 6507.86 7229.25 7318.62    7408    7408    7408    7408    7408    7408    7408 6456.78 6456.78
2034 6507.86 7229.25 7318.62    7408    7408    7408    7408    7408    7408    7408 6456.78 6456.78
2035 6507.86 7229.25 7318.62    7408    7408    7408    7408    7408    7408    7408 6456.78 6456.78
2036 6507.86 7229.25 7318.62    7408    7408    7408    7408    7408    7408    7408 6456.78 6456.78
2037 6507.86 7229.25 7318.62    7408    7408    7408    7408    7408    7408    7408 6456.78 6456.78
2038 6507.86 7229.25 7318.62    7408    7408    7408    7408    7408    7408    7408 6456.78 6456.78
2039 6507.86 7229.25 7318.62    7408    7408    7408    7408    7408    7408    7408 6456.78 6456.78
**** Planta:   43 _TRES IRMAOS
A~no ......1 ......2 ......3 ......4 ......5 ......6 ......7 ......8 ......9 .....10 .....11 .....12
2025 12194.5 12557.7 13094.4   13372   13372   13372   13372   13372   13372   13372 12194.5 12194.5
2026 12194.5 12557.7 13094.4   13372   13372   13372   13372   13372   13372   13372 12194.5 12194.5
2027 12194.5 12557.7 13094.4   13372   13372   13372   13372   13372   13372   13372 12194.5 12194.5
2028 12194.5 12557.7 13094.4   13372   13372   13372   13372   13372   13372   13372 12194.5 12194.5
2029 12194.5 12557.7 13094.4   13372   13372   13372   13372   13372   13372   13372 12194.5 12194.5
2030 12194.5 12557.7 13094.4   13372   13372   13372   13372   13372   13372   13372 12194.5 12194.5
2031 12194.5 12557.7 13094.4   13372   13372   13372   13372   13372   13372   13372 12194.5 12194.5
2032 12194.5 12557.7 13094.4   13372   13372   13372   13372   13372   13372   13372 12194.5 12194.5
2033 12194.5 12557.7 13094.4   13372   13372   13372   13372   13372   13372   13372 12194.5 12194.5
2034 12194.5 12557.7 13094.4   13372   13372   13372   13372   13372   13372   13372 12194.5 12194.5
2035 12194.5 12557.7 13094.4   13372   13372   13372   13372   13372   13372   13372 12194.5 12194.5
2036 12194.5 12557.7 13094.4   13372   13372   13372   13372   13372   13372   13372 12194.5 12194.5
2037 12194.5 12557.7 13094.4   13372   13372   13372   13372   13372   13372   13372 12194.5 12194.5
2038 12194.5 12557.7 13094.4   13372   13372   13372   13372   13372   13372   13372 12194.5 12194.5
2039 12194.5 12557.7 13094.4   13372   13372   13372   13372   13372   13372   13372 12194.5 12194.5
**** Planta:   47 A.A. LAYDNER
A~no ......1 ......2 ......3 ......4 ......5 ......6 ......7 ......8 ......9 .....10 .....11 .....12
2025 6650.36 6849.75    7008 6957.36 6612.38 6742.14 6805.44  6881.4 6618.71 6928.88 6935.21 6650.36
2026 6650.36 6849.75    7008 6957.36 6612.38 6742.14 6805.44  6881.4 6618.71 6928.88 6935.21 6650.36
2027 6650.36 6849.75    7008 6957.36 6612.38 6742.14 6805.44  6881.4 6618.71 6928.88 6935.21 6650.36
2028 6650.36 6849.75    7008 6957.36 6612.38 6742.14 6805.44  6881.4 6618.71 6928.88 6935.21 6650.36
2029 6650.36 6849.75    7008 6957.36 6612.38 6742.14 6805.44  6881.4 6618.71 6928.88 6935.21 6650.36
2030 6650.36 6849.75    7008 6957.36 6612.38 6742.14 6805.44  6881.4 6618.71 6928.88 6935.21 6650.36
2031 6650.36 6849.75    7008 6957.36 6612.38 6742.14 6805.44  6881.4 6618.71 6928.88 6935.21 6650.36
2032 6650.36 6849.75    7008 6957.36 6612.38 6742.14 6805.44  6881.4 6618.71 6928.88 6935.21 6650.36
2033 6650.36 6849.75    7008 6957.36 6612.38 6742.14 6805.44  6881.4 6618.71 6928.88 6935.21 6650.36
2034 6650.36 6849.75    7008 6957.36 6612.38 6742.14 6805.44  6881.4 6618.71 6928.88 6935.21 6650.36
2035 6650.36 6849.75    7008 6957.36 6612.38 6742.14 6805.44  6881.4 6618.71 6928.88 6935.21 6650.36
2036 6650.36 6849.75    7008 6957.36 6612.38 6742.14 6805.44  6881.4 6618.71 6928.88 6935.21 6650.36
2037 6650.36 6849.75    7008 6957.36 6612.38 6742.14 6805.44  6881.4 6618.71 6928.88 6935.21 6650.36
2038 6650.36 6849.75    7008 6957.36 6612.38 6742.14 6805.44  6881.4 6618.71 6928.88 6935.21 6650.36
2039 6650.36 6849.75    7008 6957.36 6612.38 6742.14 6805.44  6881.4 6618.71 6928.88 6935.21 6650.36
**** Planta:   49 CHAVANTES   
A~no ......1 ......2 ......3 ......4 ......5 ......6 ......7 ......8 ......9 .....10 .....11 .....12
2025  8372.3 8642.95    8795    8795 8417.92 8539.56 8603.42 8642.95 8420.96 8718.97 8725.06 8451.37
2026  8372.3 8642.95    8795    8795 8417.92 8539.56 8603.42 8642.95 8420.96 8718.97 8725.06 8451.37
2027  8372.3 8642.95    8795    8795 8417.92 8539.56 8603.42 8642.95 8420.96 8718.97 8725.06 8451.37
2028  8372.3 8642.95    8795    8795 8417.92 8539.56 8603.42 8642.95 8420.96 8718.97 8725.06 8451.37
2029  8372.3 8642.95    8795    8795 8417.92 8539.56 8603.42 8642.95 8420.96 8718.97 8725.06 8451.37
2030  8372.3 8642.95    8795    8795 8417.92 8539.56 8603.42 8642.95 8420.96 8718.97 8725.06 8451.37
2031  8372.3 8642.95    8795    8795 8417.92 8539.56 8603.42 8642.95 8420.96 8718.97 8725.06 8451.37
2032  8372.3 8642.95    8795    8795 8417.92 8539.56 8603.42 8642.95 8420.96 8718.97 8725.06 8451.37
2033  8372.3 8642.95    8795    8795 8417.92 8539.56 8603.42 8642.95 8420.96 8718.97 8725.06 8451.37
2034  8372.3 8642.95    8795    8795 8417.92 8539.56 8603.42 8642.95 8420.96 8718.97 8725.06 8451.37
2035  8372.3 8642.95    8795    8795 8417.92 8539.56 8603.42 8642.95 8420.96 8718.97 8725.06 8451.37
2036  8372.3 8642.95    8795    8795 8417.92 8539.56 8603.42 8642.95 8420.96 8718.97 8725.06 8451.37
2037  8372.3 8642.95    8795    8795 8417.92 8539.56 8603.42 8642.95 8420.96 8718.97 8725.06 8451.37
2038  8372.3 8642.95    8795    8795 8417.92 8539.56 8603.42 8642.95 8420.96 8718.97 8725.06 8451.37
2039  8372.3 8642.95    8795    8795 8417.92 8539.56 8603.42 8642.95 8420.96 8718.97 8725.06 8451.37
**** Planta:   61 CAPIVARA    
A~no ......1 ......2 ......3 ......4 ......5 ......6 ......7 ......8 ......9 .....10 .....11 .....12
2025 9589.82   10540   10540   10540   10540   10540   10540   10540   10540   10540   10540 10013.4
2026 9589.82   10540   10540   10540   10540   10540   10540   10540   10540   10540   10540 10013.4
2027 9589.82   10540   10540   10540   10540   10540   10540   10540   10540   10540   10540 10013.4
2028 9589.82   10540   10540   10540   10540   10540   10540   10540   10540   10540   10540 10013.4
2029 9589.82   10540   10540   10540   10540   10540   10540   10540   10540   10540   10540 10013.4
2030 9589.82   10540   10540   10540   10540   10540   10540   10540   10540   10540   10540 10013.4
2031 9589.82   10540   10540   10540   10540   10540   10540   10540   10540   10540   10540 10013.4
2032 9589.82   10540   10540   10540   10540   10540   10540   10540   10540   10540   10540 10013.4
2033 9589.82   10540   10540   10540   10540   10540   10540   10540   10540   10540   10540 10013.4
2034 9589.82   10540   10540   10540   10540   10540   10540   10540   10540   10540   10540 10013.4
2035 9589.82   10540   10540   10540   10540   10540   10540   10540   10540   10540   10540 10013.4
2036 9589.82   10540   10540   10540   10540   10540   10540   10540   10540   10540   10540 10013.4
2037 9589.82   10540   10540   10540   10540   10540   10540   10540   10540   10540   10540 10013.4
2038 9589.82   10540   10540   10540   10540   10540   10540   10540   10540   10540   10540 10013.4
2039 9589.82   10540   10540   10540   10540   10540   10540   10540   10540   10540   10540 10013.4
