**** Fuel:    212 GAS         
Year .....01 .....02 .....03 .....04 .....05 .....06 .....07 .....08 .....09 .....10 .....11 .....12
2025  110.89  110.89  110.89  110.89  110.89  110.89  110.89  110.89  110.89  110.89  110.89  110.89
2026  110.89  110.89  110.89  110.89  110.89  110.89  110.89  110.89  110.89  110.89  110.89  110.89
2027  110.89  110.89  110.89  110.89  110.89  110.89  110.89  110.89  110.89  110.89  110.89  110.89
2028  110.89  110.89  110.89  110.89  110.89  110.89  110.89  110.89  110.89  110.89  110.89  110.89
2029  110.89  110.89  110.89  110.89  110.89  110.89  110.89  110.89  110.89  110.89  110.89  110.89
2030  110.89  110.89  110.89  110.89  110.89  110.89  110.89  110.89  110.89  110.89  110.89  110.89
2031  110.89  110.89  110.89  110.89  110.89  110.89  110.89  110.89  110.89  110.89  110.89  110.89
2032  110.89  110.89  110.89  110.89  110.89  110.89  110.89  110.89  110.89  110.89  110.89  110.89
2033  110.88  110.88  110.88  110.88  110.88  110.88  110.88  110.88  110.88  110.88  110.88  110.88
2034  110.88  110.88  110.88  110.88  110.88  110.88  110.88  110.88  110.88  110.88  110.88  110.88
2035  110.88  110.88  110.88  110.88  110.88  110.88  110.88  110.88  110.88  110.88  110.88  110.88
2036  110.88  110.88  110.88  110.88  110.88  110.88  110.88  110.88  110.88  110.88  110.88  110.88
2037  110.88  110.88  110.88  110.88  110.88  110.88  110.88  110.88  110.88  110.88  110.88  110.88
2038  110.88  110.88  110.88  110.88  110.88  110.88  110.88  110.88  110.88  110.88  110.88  110.88
2039  110.88  110.88  110.88  110.88  110.88  110.88  110.88  110.88  110.88  110.88  110.88  110.88
**** Fuel:     36 GAS (36)    
Year .....01 .....02 .....03 .....04 .....05 .....06 .....07 .....08 .....09 .....10 .....11 .....12
2025  191.97  191.97  191.97  191.97  191.97  191.97  191.97  191.97  191.97  191.97  191.97  191.97
2026  189.71  189.71  189.71  189.71  189.71  189.71  189.71  189.71  189.71  189.71  189.71  189.71
2027  187.45  187.45  187.45  187.45  187.45  187.45  187.45  187.45  187.45  187.45  187.45  187.45
2028  184.43  184.43  184.43  184.43  184.43  184.43  184.43  184.43  184.43  184.43  184.43  184.43
2029  182.17  182.17  182.17  182.17  182.17  182.17  182.17  182.17  182.17  182.17  182.17  182.17
2030   179.9   179.9   179.9   179.9   179.9   179.9   179.9   179.9   179.9   179.9   179.9   179.9
2031  177.64  177.64  177.64  177.64  177.64  177.64  177.64  177.64  177.64  177.64  177.64  177.64
2032  175.38  175.38  175.38  175.38  175.38  175.38  175.38  175.38  175.38  175.38  175.38  175.38
2033  173.11  173.11  173.11  173.11  173.11  173.11  173.11  173.11  173.11  173.11  173.11  173.11
2034  169.34  169.34  169.34  169.34  169.34  169.34  169.34  169.34  169.34  169.34  169.34  169.34
2035  169.34  169.34  169.34  169.34  169.34  169.34  169.34  169.34  169.34  169.34  169.34  169.34
2036  169.34  169.34  169.34  169.34  169.34  169.34  169.34  169.34  169.34  169.34  169.34  169.34
2037  169.34  169.34  169.34  169.34  169.34  169.34  169.34  169.34  169.34  169.34  169.34  169.34
2038  169.34  169.34  169.34  169.34  169.34  169.34  169.34  169.34  169.34  169.34  169.34  169.34
2039  169.34  169.34  169.34  169.34  169.34  169.34  169.34  169.34  169.34  169.34  169.34  169.34
**** Fuel:     21 GAS (21)    
Year .....01 .....02 .....03 .....04 .....05 .....06 .....07 .....08 .....09 .....10 .....11 .....12
2025  191.97  191.97  191.97  191.97  191.97  191.97  191.97  191.97  191.97  191.97  191.97  191.97
2026  189.71  189.71  189.71  189.71  189.71  189.71  189.71  189.71  189.71  189.71  189.71  189.71
2027  187.45  187.45  187.45  187.45  187.45  187.45  187.45  187.45  187.45  187.45  187.45  187.45
2028  184.43  184.43  184.43  184.43  184.43  184.43  184.43  184.43  184.43  184.43  184.43  184.43
2029  182.17  182.17  182.17  182.17  182.17  182.17  182.17  182.17  182.17  182.17  182.17  182.17
2030   179.9   179.9   179.9   179.9   179.9   179.9   179.9   179.9   179.9   179.9   179.9   179.9
2031  177.64  177.64  177.64  177.64  177.64  177.64  177.64  177.64  177.64  177.64  177.64  177.64
2032  175.38  175.38  175.38  175.38  175.38  175.38  175.38  175.38  175.38  175.38  175.38  175.38
2033  173.11  173.11  173.11  173.11  173.11  173.11  173.11  173.11  173.11  173.11  173.11  173.11
2034  169.34  169.34  169.34  169.34  169.34  169.34  169.34  169.34  169.34  169.34  169.34  169.34
2035  169.34  169.34  169.34  169.34  169.34  169.34  169.34  169.34  169.34  169.34  169.34  169.34
2036  169.34  169.34  169.34  169.34  169.34  169.34  169.34  169.34  169.34  169.34  169.34  169.34
2037  169.34  169.34  169.34  169.34  169.34  169.34  169.34  169.34  169.34  169.34  169.34  169.34
2038  169.34  169.34  169.34  169.34  169.34  169.34  169.34  169.34  169.34  169.34  169.34  169.34
2039  169.34  169.34  169.34  169.34  169.34  169.34  169.34  169.34  169.34  169.34  169.34  169.34
**** Fuel:    116 GAS (116)   
Year .....01 .....02 .....03 .....04 .....05 .....06 .....07 .....08 .....09 .....10 .....11 .....12
2025  517.49  517.49  517.49  517.49  517.49  517.49  517.49  517.49  517.49  517.49  517.49  517.49
2026  1076.2  1076.2  1076.2  1076.2  1076.2  1076.2  1076.2  1076.2  1076.2  1076.2  1076.2  1076.2
2027 1018.17 1018.17 1018.17 1018.17 1018.17 1018.17 1018.17 1018.17 1018.17 1018.17 1018.17 1018.17
2028  960.15  960.15  960.15  960.15  960.15  960.15  960.15  960.15  960.15  960.15  960.15  960.15
2029  902.12  902.12  902.12  902.12  902.12  902.12  902.12  902.12  902.12  902.12  902.12  902.12
2030  844.09  844.09  844.09  844.09  844.09  844.09  844.09  844.09  844.09  844.09  844.09  844.09
2031  813.14  813.14  813.14  813.14  813.14  813.14  813.14  813.14  813.14  813.14  813.14  813.14
2032  782.19  782.19  782.19  782.19  782.19  782.19  782.19  782.19  782.19  782.19  782.19  782.19
2033  751.24  751.24  751.24  751.24  751.24  751.24  751.24  751.24  751.24  751.24  751.24  751.24
2034  720.29  720.29  720.29  720.29  720.29  720.29  720.29  720.29  720.29  720.29  720.29  720.29
2035  720.29  720.29  720.29  720.29  720.29  720.29  720.29  720.29  720.29  720.29  720.29  720.29
2036  720.29  720.29  720.29  720.29  720.29  720.29  720.29  720.29  720.29  720.29  720.29  720.29
2037  720.29  720.29  720.29  720.29  720.29  720.29  720.29  720.29  720.29  720.29  720.29  720.29
2038  720.29  720.29  720.29  720.29  720.29  720.29  720.29  720.29  720.29  720.29  720.29  720.29
2039  720.29  720.29  720.29  720.29  720.29  720.29  720.29  720.29  720.29  720.29  720.29  720.29
**** Fuel:    176 CARVAO      
Year .....01 .....02 .....03 .....04 .....05 .....06 .....07 .....08 .....09 .....10 .....11 .....12
2025  521.75  521.75  521.75  521.75  521.75  521.75  521.75  521.75  521.75  521.75  521.75  521.75
2026  522.91  522.91  522.91  522.91  522.91  522.91  522.91  522.91  522.91  522.91  522.91  522.91
2027  524.07  524.07  524.07  524.07  524.07  524.07  524.07  524.07  524.07  524.07  524.07  524.07
2028  525.23  525.23  525.23  525.23  525.23  525.23  525.23  525.23  525.23  525.23  525.23  525.23
2029  526.39  526.39  526.39  526.39  526.39  526.39  526.39  526.39  526.39  526.39  526.39  526.39
2030  527.55  527.55  527.55  527.55  527.55  527.55  527.55  527.55  527.55  527.55  527.55  527.55
2031  528.14  528.14  528.14  528.14  528.14  528.14  528.14  528.14  528.14  528.14  528.14  528.14
2032   529.3   529.3   529.3   529.3   529.3   529.3   529.3   529.3   529.3   529.3   529.3   529.3
2033  522.91  522.91  522.91  522.91  522.91  522.91  522.91  522.91  522.91  522.91  522.91  522.91
2034  517.68  517.68  517.68  517.68  517.68  517.68  517.68  517.68  517.68  517.68  517.68  517.68
2035  517.68  517.68  517.68  517.68  517.68  517.68  517.68  517.68  517.68  517.68  517.68  517.68
2036  517.68  517.68  517.68  517.68  517.68  517.68  517.68  517.68  517.68  517.68  517.68  517.68
2037  517.68  517.68  517.68  517.68  517.68  517.68  517.68  517.68  517.68  517.68  517.68  517.68
2038  517.68  517.68  517.68  517.68  517.68  517.68  517.68  517.68  517.68  517.68  517.68  517.68
2039  517.68  517.68  517.68  517.68  517.68  517.68  517.68  517.68  517.68  517.68  517.68  517.68
**** Fuel:    240 GAS (240)   
Year .....01 .....02 .....03 .....04 .....05 .....06 .....07 .....08 .....09 .....10 .....11 .....12
2025   602.1   602.1   602.1   602.1   602.1   602.1   602.1   602.1   602.1   602.1   602.1   602.1
2026  522.76  522.76  522.76  522.76  522.76  522.76  522.76  522.76  522.76  522.76  522.76  522.76
2027     493     493     493     493     493     493     493     493     493     493     493     493
2028  463.25  463.25  463.25  463.25  463.25  463.25  463.25  463.25  463.25  463.25  463.25  463.25
2029   433.5   433.5   433.5   433.5   433.5   433.5   433.5   433.5   433.5   433.5   433.5   433.5
2030  403.74  403.74  403.74  403.74  403.74  403.74  403.74  403.74  403.74  403.74  403.74  403.74
2031  387.87  387.87  387.87  387.87  387.87  387.87  387.87  387.87  387.87  387.87  387.87  387.87
2032  372.01  372.01  372.01  372.01  372.01  372.01  372.01  372.01  372.01  372.01  372.01  372.01
2033  356.14  356.14  356.14  356.14  356.14  356.14  356.14  356.14  356.14  356.14  356.14  356.14
2034  340.27  340.27  340.27  340.27  340.27  340.27  340.27  340.27  340.27  340.27  340.27  340.27
2035  340.27  340.27  340.27  340.27  340.27  340.27  340.27  340.27  340.27  340.27  340.27  340.27
2036  340.27  340.27  340.27  340.27  340.27  340.27  340.27  340.27  340.27  340.27  340.27  340.27
2037  340.27  340.27  340.27  340.27  340.27  340.27  340.27  340.27  340.27  340.27  340.27  340.27
2038  340.27  340.27  340.27  340.27  340.27  340.27  340.27  340.27  340.27  340.27  340.27  340.27
2039  340.27  340.27  340.27  340.27  340.27  340.27  340.27  340.27  340.27  340.27  340.27  340.27
**** Fuel:    259 GAS (259)   
Year .....01 .....02 .....03 .....04 .....05 .....06 .....07 .....08 .....09 .....10 .....11 .....12
2025 1137.74 1137.74 1137.74 1137.74 1137.74 1137.74 1137.74 1137.74 1137.74 1137.74 1137.74 1137.74
2026  990.87  990.87  990.87  990.87  990.87  990.87  990.87  990.87  990.87  990.87  990.87  990.87
2027  935.79  935.79  935.79  935.79  935.79  935.79  935.79  935.79  935.79  935.79  935.79  935.79
2028  880.71  880.71  880.71  880.71  880.71  880.71  880.71  880.71  880.71  880.71  880.71  880.71
2029  825.63  825.63  825.63  825.63  825.63  825.63  825.63  825.63  825.63  825.63  825.63  825.63
2030  770.56  770.56  770.56  770.56  770.56  770.56  770.56  770.56  770.56  770.56  770.56  770.56
2031  741.18  741.18  741.18  741.18  741.18  741.18  741.18  741.18  741.18  741.18  741.18  741.18
2032  711.81  711.81  711.81  711.81  711.81  711.81  711.81  711.81  711.81  711.81  711.81  711.81
2033  682.43  682.43  682.43  682.43  682.43  682.43  682.43  682.43  682.43  682.43  682.43  682.43
2034  653.06  653.06  653.06  653.06  653.06  653.06  653.06  653.06  653.06  653.06  653.06  653.06
2035  653.06  653.06  653.06  653.06  653.06  653.06  653.06  653.06  653.06  653.06  653.06  653.06
2036  653.06  653.06  653.06  653.06  653.06  653.06  653.06  653.06  653.06  653.06  653.06  653.06
2037  653.06  653.06  653.06  653.06  653.06  653.06  653.06  653.06  653.06  653.06  653.06  653.06
2038  653.06  653.06  653.06  653.06  653.06  653.06  653.06  653.06  653.06  653.06  653.06  653.06
2039  653.06  653.06  653.06  653.06  653.06  653.06  653.06  653.06  653.06  653.06  653.06  653.06
**** Fuel:     73 OLEO        
Year .....01 .....02 .....03 .....04 .....05 .....06 .....07 .....08 .....09 .....10 .....11 .....12
2025 1271.43 1271.43 1271.43 1271.43 1271.43 1271.43 1271.43 1271.43 1271.43 1271.43 1271.43 1271.43
2026  1274.3  1274.3  1274.3  1274.3  1274.3  1274.3  1274.3  1274.3  1274.3  1274.3  1274.3  1274.3
2027 1277.17 1277.17 1277.17 1277.17 1277.17 1277.17 1277.17 1277.17 1277.17 1277.17 1277.17 1277.17
2028 1280.04 1280.04 1280.04 1280.04 1280.04 1280.04 1280.04 1280.04 1280.04 1280.04 1280.04 1280.04
2029  1282.9  1282.9  1282.9  1282.9  1282.9  1282.9  1282.9  1282.9  1282.9  1282.9  1282.9  1282.9
2030 1285.77 1285.77 1285.77 1285.77 1285.77 1285.77 1285.77 1285.77 1285.77 1285.77 1285.77 1285.77
2031 1287.21 1287.21 1287.21 1287.21 1287.21 1287.21 1287.21 1287.21 1287.21 1287.21 1287.21 1287.21
2032 1290.07 1290.07 1290.07 1290.07 1290.07 1290.07 1290.07 1290.07 1290.07 1290.07 1290.07 1290.07
2033  1274.3  1274.3  1274.3  1274.3  1274.3  1274.3  1274.3  1274.3  1274.3  1274.3  1274.3  1274.3
2034 1261.39 1261.39 1261.39 1261.39 1261.39 1261.39 1261.39 1261.39 1261.39 1261.39 1261.39 1261.39
2035 1261.39 1261.39 1261.39 1261.39 1261.39 1261.39 1261.39 1261.39 1261.39 1261.39 1261.39 1261.39
2036 1261.39 1261.39 1261.39 1261.39 1261.39 1261.39 1261.39 1261.39 1261.39 1261.39 1261.39 1261.39
2037 1261.39 1261.39 1261.39 1261.39 1261.39 1261.39 1261.39 1261.39 1261.39 1261.39 1261.39 1261.39
2038 1261.39 1261.39 1261.39 1261.39 1261.39 1261.39 1261.39 1261.39 1261.39 1261.39 1261.39 1261.39
2039 1261.39 1261.39 1261.39 1261.39 1261.39 1261.39 1261.39 1261.39 1261.39 1261.39 1261.39 1261.39
**** Fuel:     70 OLEO (70)   
Year .....01 .....02 .....03 .....04 .....05 .....06 .....07 .....08 .....09 .....10 .....11 .....12
2025 1271.43 1271.43 1271.43 1271.43 1271.43 1271.43 1271.43 1271.43 1271.43 1271.43 1271.43 1271.43
2026  1274.3  1274.3  1274.3  1274.3  1274.3  1274.3  1274.3  1274.3  1274.3  1274.3  1274.3  1274.3
2027 1277.17 1277.17 1277.17 1277.17 1277.17 1277.17 1277.17 1277.17 1277.17 1277.17 1277.17 1277.17
2028 1280.04 1280.04 1280.04 1280.04 1280.04 1280.04 1280.04 1280.04 1280.04 1280.04 1280.04 1280.04
2029  1282.9  1282.9  1282.9  1282.9  1282.9  1282.9  1282.9  1282.9  1282.9  1282.9  1282.9  1282.9
2030 1285.77 1285.77 1285.77 1285.77 1285.77 1285.77 1285.77 1285.77 1285.77 1285.77 1285.77 1285.77
2031 1287.21 1287.21 1287.21 1287.21 1287.21 1287.21 1287.21 1287.21 1287.21 1287.21 1287.21 1287.21
2032 1290.07 1290.07 1290.07 1290.07 1290.07 1290.07 1290.07 1290.07 1290.07 1290.07 1290.07 1290.07
2033  1274.3  1274.3  1274.3  1274.3  1274.3  1274.3  1274.3  1274.3  1274.3  1274.3  1274.3  1274.3
2034 1261.39 1261.39 1261.39 1261.39 1261.39 1261.39 1261.39 1261.39 1261.39 1261.39 1261.39 1261.39
2035 1261.39 1261.39 1261.39 1261.39 1261.39 1261.39 1261.39 1261.39 1261.39 1261.39 1261.39 1261.39
2036 1261.39 1261.39 1261.39 1261.39 1261.39 1261.39 1261.39 1261.39 1261.39 1261.39 1261.39 1261.39
2037 1261.39 1261.39 1261.39 1261.39 1261.39 1261.39 1261.39 1261.39 1261.39 1261.39 1261.39 1261.39
2038 1261.39 1261.39 1261.39 1261.39 1261.39 1261.39 1261.39 1261.39 1261.39 1261.39 1261.39 1261.39
2039 1261.39 1261.39 1261.39 1261.39 1261.39 1261.39 1261.39 1261.39 1261.39 1261.39 1261.39 1261.39
**** Fuel:    539 GAS (539)   
Year .....01 .....02 .....03 .....04 .....05 .....06 .....07 .....08 .....09 .....10 .....11 .....12
2025     355     355     355     355     355     355     355     355     355     355     355     355
2026     355     355     355     355     355     355     355     355     355     355     355     355
2027     349     349     349     349     349     349     349     349     349     349     349     349
2028     371     371     371     371     371     371     371     371     371     371     371     371
2029     356     356     356     356     356     356     356     356     356     356     356     356
2030     356     356     356     356     356     356     356     356     356     356     356     356
2031     356     356     356     356     356     356     356     356     356     356     356     356
2032     356     356     356     356     356     356     356     356     356     356     356     356
2033     356     356     356     356     356     356     356     356     356     356     356     356
2034     356     356     356     356     356     356     356     356     356     356     356     356
2035     356     356     356     356     356     356     356     356     356     356     356     356
2036     356     356     356     356     356     356     356     356     356     356     356     356
2037     356     356     356     356     356     356     356     356     356     356     356     356
2038     356     356     356     356     356     356     356     356     356     356     356     356
2039     356     356     356     356     356     356     356     356     356     356     356     356
**** Fuel:    777 GAS (777)   
Year .....01 .....02 .....03 .....04 .....05 .....06 .....07 .....08 .....09 .....10 .....11 .....12
2025     732     732     732     732     732     732     732     732     732     732     732     732
2026  772.82  772.82  772.82  772.82  772.82  772.82  772.82  772.82  772.82  772.82  772.82  772.82
2027  776.04  776.04  776.04  776.04  776.04  776.04  776.04  776.04  776.04  776.04  776.04  776.04
2028  780.41  780.41  780.41  780.41  780.41  780.41  780.41  780.41  780.41  780.41  780.41  780.41
2029  784.92  784.92  784.92  784.92  784.92  784.92  784.92  784.92  784.92  784.92  784.92  784.92
2030  790.19  790.19  790.19  790.19  790.19  790.19  790.19  790.19  790.19  790.19  790.19  790.19
2031  794.46  794.46  794.46  794.46  794.46  794.46  794.46  794.46  794.46  794.46  794.46  794.46
2032  800.73  800.73  800.73  800.73  800.73  800.73  800.73  800.73  800.73  800.73  800.73  800.73
2033  804.24  804.24  804.24  804.24  804.24  804.24  804.24  804.24  804.24  804.24  804.24  804.24
2034  809.48  809.48  809.48  809.48  809.48  809.48  809.48  809.48  809.48  809.48  809.48  809.48
2035  816.01  816.01  816.01  816.01  816.01  816.01  816.01  816.01  816.01  816.01  816.01  816.01
2036  820.51  820.51  820.51  820.51  820.51  820.51  820.51  820.51  820.51  820.51  820.51  820.51
2037  825.48  825.48  825.48  825.48  825.48  825.48  825.48  825.48  825.48  825.48  825.48  825.48
2038  829.56  829.56  829.56  829.56  829.56  829.56  829.56  829.56  829.56  829.56  829.56  829.56
2039  833.64  833.64  833.64  833.64  833.64  833.64  833.64  833.64  833.64  833.64  833.64  833.64
