$version=1
!Num ...Nombre... #Uni Tipo .PotIns .GerMin .GerMax ..Teif. ..Ih... .CVaria .MR. Comb ...G1.. .CEsp.1 ...G2.. .CEsp.2 ...G3.. .CEsp.3 NAdF ...1 ...2 ...3 ComT CTransp StartUp sfal NGas NuCC ..NombreCC.. CoefE. CCTp FuVr FuVrLm ExcG
  52 CAMPINA GDE     1    0       0       0       0   34.93 41.7624       0    0   52     100       1                                    0    0    0    0    0                    0                                  0    0      0     
  57 MARACANAU I     1    0       0       0       0   23.83  31.706       0    0   57     100       1                                    0    0    0    0    0                    0                                  0    0      0     
  98 PERNAMBU_III    1    0  200.79       0  200.79   34.26 43.7923       0    0   98     100       1                                    0    0    0    0    0                    0                                  0    0      0     
 144 PETROLINA  2    1    0       0       0       0    4.34 7.01848       0    0  144     100       1                                    0    0    0    0    0                    0                                  0    0      0     
 235 CAMACARI MII    1    0  144.45       0  144.45       3    3.97       0    0  235     100       1                                    0    0    0    0    0                    0                                  0    0      0     
 162 PECEM II        1    0  144.45       0  144.45       3    3.97       0    0  162     100       1                                    0    0    0    0    0                    0                                  0    0      0     
 152 TERMOCABO  2    1    0       0       0       0    0.69 2.51731       0    0  152     100       1                                    0    0    0    0    0                    0                                  0    0      0     
  67 TERMONE    2    1    0       0       0       0    1.76 2.32979       0    0   67     100       1                                    0    0    0    0    0                    0                                  0    0      0     
  69 TERMOPB    1    1    0       0       0       0    2.33 2.97462       0    0   69     100       1                                    0    0    0    0    0                    0                                  0    0      0     
 167 P. PECEM I      1    0  720.28       0  720.28    2.76 6.24119       0    0  167     100       1                                    0    0    0    0    0                    0                                  0    0      0     
 163 P. PECEM II     1    0     365       0     365    1.04 5.90883       0    0  163     100       1                                    0    0    0    0    0                    0                                  0    0      0     
 224 P. SERGIPE I    2    0    1593       0    1593    13.3 14.7219       0    0  224     100       1                                    0    0    0    0    0       0       0    0                             1    0    0      0     
 106 ERB CANDEIAS    1    0 12.9024       0 12.9024   30.88 38.2482       0    0  106     100       1                                    0    0    0    0    0                    0                                  0    0      0     
  53 GLOBAL I        1    0   148.8       0   148.8    7.42  8.0588       0    0   53     100       1                                    0    0    0    0    0                    0                                  0    0      0     
  55 GLOBAL II       1    0   148.8       0   148.8    9.75 10.6796       0    0   55     100       1                                    0    0    0    0    0                    0                                  0    0      0     
 151 POTIGUAR        1    1 45.5398       0 45.5398    2.63 6.14505       0    0  151     100       1                                    0    0    0    0    0       0       0    0                             1    0    0      0     
 161 POTIGUAR III    1    1 48.5118       0 48.5118    3.26 7.07155       0    0  161     100       1                                    0    0    0    0    0       0       0    0                             1    0    0      0     
 223 PROSPERI III    1    0      56       0      56    0.77 4.66974       0    0  223     100       1                                    0    0    0    0    0                    0                                  0    0      0     
 241 PROSPERID II    1    0    37.4       0    37.4    1.83 5.49174       0    0  241     100       1                                    0    0    0    0    0                    0                                  0    0      0     
 147 PROSPERIDADE    1    0   28.02       0   28.02    3.12 5.62919       0    0  147     100       1                                    0    0    0    0    0                    0                                  0    0      0     
  96 TERMOPE         2    0     550       0     550    1.37 7.36671       0    0   96     100       1                                    0    0    0    0    0       0       0    0                             1    0    0      0     
  43 TERMOBAHIA 1    1    0 158.945       0 158.945    3.78 13.4597       0    0   43     100       1                                    0    0    0    0    0                    0                                  0    0      0     
  58 TERMOCEARA 2    1    0       0       0       0   16.01 19.8148       0    0   58     100       1                                    0    0    0    0    0                    0                                  0    0      0     
  83 VALE DO ACU2    1    0    92.4       0    92.4    5.67 18.3951       0    0   83     100       1                                    0    0    0    0    0                    0                                  0    0      0     
 170 SUAPE II   2    6    0  381.26       0  381.26    5.67 12.8297       0    0  170     100       1                                    0    0    0    0    0       0       0    0                             1    0    0      0     
 762 TERMOBAHIA 2    1    1   185.9       0   185.9    3.78 13.4597       0    0  762     100       1                                    0    0    0    0    0       0       0    0                             1    0    0      0     
 763 TERMOCEARA 1    1    1     223       0     223   16.01 19.8148       0    0  763     100       1                                    0    0    0    0    0       0       0    0                             1    0    0      0     
 767 VALE DO ACU1    1    1     110       0     110    5.67 18.3951       0    0  767     100       1                                    0    0    0    0    0       0       0    0                             1    0    0      0     
 793 TERMONE    1    1    1  170.85       0  170.85    1.76 2.32979       0    0  793     100       1                                    0    0    0    0    0       0       0    0                             1    0    0      0     
 794 TERMOPB    2    1    1  170.85       0  170.85    2.33 2.97462       0    0  794     100       1                                    0    0    0    0    0       0       0    0                             1    0    0      0     
 796 PETROLINA  1    1    1   136.2       0   136.2    4.34 7.01848       0    0  796     100       1                                    0    0    0    0    0       0       0    0                             1    0    0      0     
 798 TERMOCABO  1    1    1   49.73       0   49.73    0.69 2.51731       0    0  798     100       1                                    0    0    0    0    0       0       0    0                             1    0    0      0     
 811 SUAPE II   1    6    1  381.26       0  381.26    5.67 12.8297       0    0  811     100       1                                    0    0    0    0    0       0       0    0                             1    0    0      0     
 842 GINE-11151      1    1    1000       0       0     2.5 4.93749       0    0  529     100       1                                    0    0    0    0    0       0       0    0                             1    0    0      0     
 843 GINE-11525      1    1    1000       0       0     2.5 4.93749       0    0  529     100       1                                    0    0    0    0    0       0       0    0                             1    0    0      0     
 844 GINE-253        1    1    1000       0       0     2.5 4.93749       0    0  529     100       1                                    0    0    0    0    0       0       0    0                             1    0    0      0     
 845 GINE-336        1    1    1000       0       0     2.5 4.93749       0    0  529     100       1                                    0    0    0    0    0       0       0    0                             1    0    0      0     
 846 GINE-141        1    1    1000       0       0     2.5 4.93749       0    0  529     100       1                                    0    0    0    0    0       0       0    0                             1    0    0      0     
