$version=1
!Num ...Nombre... #Uni Tipo .PotIns .GerMin .GerMax ..Teif. ..Ih... .CVaria .MR. Comb ...G1.. .CEsp.1 ...G2.. .CEsp.2 ...G3.. .CEsp.3 NAdF ...1 ...2 ...3 ComT CTransp StartUp sfal NGas NuCC ..NombreCC.. CoefE. CCTp FuVr FuVrLm ExcG
 201 APARECIDA       2    0 145.084       0 145.084   12.81 23.1856       0    0  201     100       1                                    0    0    0    0    0       0       0    0                             1    0    0      0     
 203 C. ROCHA   1    2    0 67.0233       0 67.0233       1 21.5128       0    0  203     100       1                                    0    0    0    0    0       0       0    0                             1    0    0      0     
 204 JARAQUI    2    2    0 63.0258       0 63.0258       4       4       0    0  204     100       1                                    0    0    0    0    0       0       0    0                             1    0    0      0     
 205 MANAUARA   2    1    0 66.3536       0 66.3536     2.5 2.88025       0    0  205     100       1                                    0    0    0    0    0                    0                                  0    0      0     
 140 MAUA 3     1    2    0  590.75       0  590.75    9.76 17.3221       0    0  140     100       1                                    0    0    0    0    0       0       0    0                             1    0    0      0     
 207 PONTA NEGRA2    1    0 64.0121       0 64.0121     2.5 3.01675       0    0  207     100       1                                    0    0    0    0    0                    0                                  0    0      0     
 209 TAMBAQUI   2    1    0 77.6884       0 77.6884       4       4       0    0  209     100       1                                    0    0    0    0    0                    0                                  0    0      0     
 322 BBF BALIZA      2    0 17.0645       0 17.0645    1.17 6.73413       0    0  322     100       1                                    0    0    0    0    0       0       0    0                             1    0    0      0     
 260 AZULAO          1    1  295.43       0  295.43       3 5.97789       0    0  260     100       1                                    0    0    0    0    0       0       0    0                             1    0    0      0     
 262 AZULAO II       1    1  295.43       0  295.43       3 5.97789       0    0  262     100       1                                    0    0    0    0    0       0       0    0                             1    0    0      0     
 263 AZULAO IV       1    1  295.43       0  295.43       3 5.97789       0    0  263     100       1                                    0    0    0    0    0       0       0    0                             1    0    0      0     
 326 JAGUATIRI II    3    0 126.325       0 126.325     2.5  3.9625       0    0  326     100       1                                    0    0    0    0    0       0       0    0                             1    0    0      0     
 264 MANAUS I        1    1  162.91       0  162.91     2.5 4.44999       0    0  264     100       1                                    0    0    0    0    0       0       0    0                             1    0    0      0     
 327 M.CRISTO SUC    2    0   40.56       0   40.56       2    2.98       0    0  327     100       1                                    0    0    0    0    0       0       0    0                             1    0    0      0     
 323 BONFIM          1    0    11.5       0    11.5       2    3.96       0    0  323     100       1                                    0    0    0    0    0                    0                                  0    0      0     
 324 CANTA           1    0    11.5       0    11.5       2    3.96       0    0  324     100       1                                    0    0    0    0    0                    0                                  0    0      0     
 328 PALMAPLAN 2     1    1   11.55       0   11.55    0.91 2.25763       0    0  328     100       1                                    0    0    0    0    0       0       0    0                             1    0    0      0     
 329 PAU RAINHA      1    1    11.5       0    11.5       2    3.96       0    0  329     100       1                                    0    0    0    0    0       0       0    0                             1    0    0      0     
 330 SANTA LUZ       1    1    11.5       0    11.5       2    3.96       0    0  330     100       1                                    0    0    0    0    0       0       0    0                             1    0    0      0     
 783 C. ROCHA   2    2    1   85.38       0   85.38       1 21.5128       0    0  783     100       1                                    0    0    0    0    0       0       0    0                             1    0    0      0     
 784 JARAQUI    1    2    1   75.48       0   75.48       4       4       0    0  784     100       1                                    0    0    0    0    0       0       0    0                             1    0    0      0     
 785 MANAUARA   1    1    1    73.4       0    73.4     2.5 2.88025       0    0  785     100       1                                    0    0    0    0    0       0       0    0                             1    0    0      0     
 786 PONTA NEGRA1    1    1    73.4       0    73.4     2.5 3.01675       0    0  786     100       1                                    0    0    0    0    0       0       0    0                             1    0    0      0     
 787 TAMBAQUI   1    1    1   93.04       0   93.04       4       4       0    0  787     100       1                                    0    0    0    0    0       0       0    0                             1    0    0      0     
 788 MAUA 3     2    2    1  590.75       0  590.75    9.76 17.3221       0    0  788     100       1                                    0    0    0    0    0       0       0    0                             1    0    0      0     
 829 GFMA-10032      1    1  711.02       0       0     2.5 4.93749       0    0  547     100       1                                    0    0    0    0    0       0       0    0                             1    0    0      0     
 830 GFMA-10400      1    1  711.02       0       0     2.5 4.93749       0    0  547     100       1                                    0    0    0    0    0       0       0    0                             1    0    0      0     
 831 GFMA-10010      1    1  711.02       0       0     2.5 4.93749       0    0  547     100       1                                    0    0    0    0    0       0       0    0                             1    0    0      0     
 832 GFMA-52207      1    1  711.02       0       0     2.5 4.93749       0    0  547     100       1                                    0    0    0    0    0       0       0    0                             1    0    0      0     
