$version=2
**** Load  :    9              Sgmnt:    1
YEAR BLK     1     2     3     4     5     6     7     8     9    10    11    12
2025   1     0     0     0     0     0     0     0     0     0     0     0     0
2025   2     0     0     0     0     0     0     0     0     0     0     0     0
2025   3     0     0     0     0     0     0     0     0     0     0     0     0
2025   4     0     0     0     0     0     0     0     0     0     0     0     0
2026   1     0     0     0     0     0     0     0     0     0     0     0     0
2026   2     0     0     0     0     0     0     0     0     0     0     0     0
2026   3     0     0     0     0     0     0     0     0     0     0     0     0
2026   4     0     0     0     0     0     0     0     0     0     0     0     0
2027   1     0     0     0     0     0     0     0     0     0     0     0     0
2027   2     0     0     0     0     0     0     0     0     0     0     0     0
2027   3     0     0     0     0     0     0     0     0     0     0     0     0
2027   4     0     0     0     0     0     0     0     0     0     0     0     0
2028   1     0     0     0     0     0     0     0     0     0     0     0     0
2028   2     0     0     0     0     0     0     0     0     0     0     0     0
2028   3     0     0     0     0     0     0     0     0     0     0     0     0
2028   4     0     0     0     0     0     0     0     0     0     0     0     0
2029   1     0     0     0     0     0     0     0     0     0     0     0     0
2029   2     0     0     0     0     0     0     0     0     0     0     0     0
2029   3     0     0     0     0     0     0     0     0     0     0     0     0
2029   4     0     0     0     0     0     0     0     0     0     0     0     0
2030   1     0     0     0     0     0     0     0     0     0     0     0     0
2030   2     0     0     0     0     0     0     0     0     0     0     0     0
2030   3     0     0     0     0     0     0     0     0     0     0     0     0
2030   4     0     0     0     0     0     0     0     0     0     0     0     0
2031   1     0     0     0     0     0     0     0     0     0     0     0     0
2031   2     0     0     0     0     0     0     0     0     0     0     0     0
2031   3     0     0     0     0     0     0     0     0     0     0     0     0
2031   4     0     0     0     0     0     0     0     0     0     0     0     0
2032   1     0     0     0     0     0     0     0     0     0     0     0     0
2032   2     0     0     0     0     0     0     0     0     0     0     0     0
2032   3     0     0     0     0     0     0     0     0     0     0     0     0
2032   4     0     0     0     0     0     0     0     0     0     0     0     0
2033   1     0     0     0     0     0     0     0     0     0     0     0     0
2033   2     0     0     0     0     0     0     0     0     0     0     0     0
2033   3     0     0     0     0     0     0     0     0     0     0     0     0
2033   4     0     0     0     0     0     0     0     0     0     0     0     0
2034   1     0     0     0     0     0     0     0     0     0     0     0     0
2034   2     0     0     0     0     0     0     0     0     0     0     0     0
2034   3     0     0     0     0     0     0     0     0     0     0     0     0
2034   4     0     0     0     0     0     0     0     0     0     0     0     0
2035   1     0     0     0     0     0     0     0     0     0     0     0     0
2035   2     0     0     0     0     0     0     0     0     0     0     0     0
2035   3     0     0     0     0     0     0     0     0     0     0     0     0
2035   4     0     0     0     0     0     0     0     0     0     0     0     0
2036   1     0     0     0     0     0     0     0     0     0     0     0     0
2036   2     0     0     0     0     0     0     0     0     0     0     0     0
2036   3     0     0     0     0     0     0     0     0     0     0     0     0
2036   4     0     0     0     0     0     0     0     0     0     0     0     0
2037   1     0     0     0     0     0     0     0     0     0     0     0     0
2037   2     0     0     0     0     0     0     0     0     0     0     0     0
2037   3     0     0     0     0     0     0     0     0     0     0     0     0
2037   4     0     0     0     0     0     0     0     0     0     0     0     0
2038   1     0     0     0     0     0     0     0     0     0     0     0     0
2038   2     0     0     0     0     0     0     0     0     0     0     0     0
2038   3     0     0     0     0     0     0     0     0     0     0     0     0
2038   4     0     0     0     0     0     0     0     0     0     0     0     0
2039   1     0     0     0     0     0     0     0     0     0     0     0     0
2039   2     0     0     0     0     0     0     0     0     0     0     0     0
2039   3     0     0     0     0     0     0     0     0     0     0     0     0
2039   4     0     0     0     0     0     0     0     0     0     0     0     0
2040   1     0     0     0     0     0     0     0     0     0     0     0     0
2040   2     0     0     0     0     0     0     0     0     0     0     0     0
2040   3     0     0     0     0     0     0     0     0     0     0     0     0
2040   4     0     0     0     0     0     0     0     0     0     0     0     0
2041   1     0     0     0     0     0     0     0     0     0     0     0     0
2041   2     0     0     0     0     0     0     0     0     0     0     0     0
2041   3     0     0     0     0     0     0     0     0     0     0     0     0
2041   4     0     0     0     0     0     0     0     0     0     0     0     0
2042   1     0     0     0     0     0     0     0     0     0     0     0     0
2042   2     0     0     0     0     0     0     0     0     0     0     0     0
2042   3     0     0     0     0     0     0     0     0     0     0     0     0
2042   4     0     0     0     0     0     0     0     0     0     0     0     0
2043   1     0     0     0     0     0     0     0     0     0     0     0     0
2043   2     0     0     0     0     0     0     0     0     0     0     0     0
2043   3     0     0     0     0     0     0     0     0     0     0     0     0
2043   4     0     0     0     0     0     0     0     0     0     0     0     0
2044   1     0     0     0     0     0     0     0     0     0     0     0     0
2044   2     0     0     0     0     0     0     0     0     0     0     0     0
2044   3     0     0     0     0     0     0     0     0     0     0     0     0
2044   4     0     0     0     0     0     0     0     0     0     0     0     0
