$version=2
**** Load  :    1              Sgmnt:    1
YEAR BLK     1     2     3     4     5     6     7     8     9    10    11    12
2025   1527.11482.29529.33475.94487.67458.09469.68483.03477.39 483.8488.34518.29
2025   2 12556 10916 11516 10602 102678912.2  8846  93389686.2 11012 10742 10993
2025   3 12389 11871 13219 12275 11438 10814 10652 10974 10919 10739 10298 11246
2025   42566.8  38313389.42805.92721.93314.13775.13395.73394.43844.93672.2  4344
2026   1548.23 492.8547.54492.52506.53475.78488.58500.81494.21498.55503.27533.32
2026   2 12935 10854 12114 10907 106119200.19121.29611.69869.6 11279 11056 11373
2026   3 13811 11610 13329 12077 11527 10678 10530 10705 10645 10668 10226 11210
2026   42700.93790.13999.13056.52590.83462.63906.43655.93711.44050.53813.24407.1
2027   1565.87508.92565.63508.86 525.3493.36506.82517.98511.39515.31519.93550.82
2027   2 13325 11086 12537 11255 110249537.69452.7  9932 10208 11659 11443 11772
2027   3 14077 11622 13380 12138 11886 10863 10719 10746 10794 10832 10402 11447
2027   42735.34157.34250.23295.22541.53621.54089.53997.23952.24280.13995.74532.3
2028   1582.47544.09583.58525.57543.23511.27524.09535.22527.58532.11536.14567.73
2028   2 13752 11882 12952 11641 11439  99059808.8 10279 10545 12055 11832 12179
2028   3 14451 12218 13631 12364 12281 11133 10951 10899 10962 11038 10607 11675
2028   42780.84517.84444.8  34792538.63744.94276.14255.54185.4  44674157.44669.5
2029   1600.24541.39601.74542.51 561.1528.57542.46553.51545.14549.75553.29 587.5
2029   2 14218 11843 13373 12001 11839 10256 10161 10613 10906 12456 12243 12580
2029   3 14799 12040 13903 12552 12643 11387 11219 11074 11214 11291 10852 11949
2029   42844.54499.44634.93737.62588.43907.74431.54501.54392.64676.64335.44837.4
2030   1620.96560.33623.52562.69582.67550.67564.96575.54565.78570.05573.22608.51
2030   2 14814 12350 13896 12438 12345 10700 10616 11071 11343 12942 12739 13110
2030   3 15282 12370 14315 12884 13185 11816 11598 11366 11569 11622 11182 12322
2030   42917.54681.24872.74036.9  26054033.64610.54754.34633.94949.54560.25004.3
2031   1638.91576.73 641.9579.91601.44568.89583.75593.71583.23587.42590.16626.41
2031   2 15324 12765 14346 12792 12770 11086 11008 11465 11714 13370 13172 13549
2031   3 15651 12603 14627 13077 13616 12136 11912 11590 11852 11906 11472 12651
2031   42969.34856.75065.44361.22623.4  41544748.24966.24843.95155.64727.35147.4
2032   1658.72616.08662.32598.89621.87589.06604.17614.62602.45606.72608.83 646.2
2032   2 15843 13695 14818 13224 13238 11509 11433 11919 12135 13842 13630 14021
2032   3 16123 13414 15046 13419 14104 12566 12284 11940 12200 12245 11817 13028
2032   43031.25160.65244.5  45622638.64214.74882.25083.65026.25345.94888.55284.1
2033   1679.15613.48683.32618.48641.44609.89625.56635.81 622.3 626.5627.43666.84
2033   2 16392 13679 15324 13660 13716 11951 11871 12378 12579 14332 14120 14519
2033   3 16621 13280 15491 13768 14628 13038 12693 12300 12579 12614 12166 13437
2033   43092.25182.45420.14805.32662.64266.95019.15240.15208.55548.95071.55422.6
2034   1700.37 632.8704.91638.73662.96631.55647.38657.76641.75   647647.25688.06
2034   2 16962 14197 15852 14130 14216 12410 12356 12863 13036 14834 14623 15022
2034   3 17142 13727 15974 14185 15200 13543 13184 12687 12989 13010 12571 13872
2034   43163.6  52545592.65000.3  26684319.55079.15397.15399.95766.85239.7  5586
2035   1 722.1652.55727.32659.61685.16653.75 670.2681.42663.03668.11667.75709.82
2035   2 17569 14755 16411 14649 14742 12913 12857 13394 13534 15378 15169 15564
2035   3 17739 14182 16535 14684 15828 14146 13691 13144 13460 13468 13037 14383
2035   43245.25386.65780.15177.42704.74330.55214.45546.15595.85991.45413.35745.1
2036   1744.84697.12750.55681.23708.15676.76694.11705.22685.06689.97 689.7732.54
2036   2 18207 15893 17043 15221 15312 13462 13394 13962 14079 15970 15770 16154
2036   3 18399 15226 17160 15275 16518 14862 14262 13685 13991 13994 13574 14945
2036   43333.55716.2  59355305.12725.84272.1  53365668.65778.76196.75550.45903.9
2037   1768.65694.41774.97   704731.97700.68718.99730.07708.24713.17712.13756.49
2037   2 18861 15902 17666 15807 15877 14010 13937 14515 14627 16565 16367 16738
2037   3 19058 15199 17800 15883 17220 15599 14886 14249 14539 14520 14109 15521
2037   43425.45716.96096.15415.42755.84210.35415.7  57955953.96416.55706.96065.8
2038   1791.87715.78 799.1726.34755.61724.26743.31754.53731.14735.73733.94 780.1
2038   2 19524 16519 18289 16416 16461 14595 14486 15095 15197 17163 16975 17324
2038   3 19735 15796 18456 16517 17935 16378 15520 14846 15082 15055 14655 16103
2038   43517.45782.76273.45503.52778.44090.75501.25887.16135.16647.15866.96246.4
2039   1818.61738.19824.58750.35780.87749.89 769.6780.93755.61760.01757.48805.26
2039   2 20216 17139 18960 17067 17064 15189 15117 15715 15789 17799 17610 17956
2039   3 20430 16388 19155 17262 18672 17217 16289 15556 15684 15629 15248 16724
2039   43631.95914.46428.95507.12828.33963.75434.15890.96302.56871.76018.16408.6
2040   1818.61764.56824.58750.35780.87749.89 769.6780.93755.61760.01757.48805.26
2040   2 20216 17751 18960 17067 17064 15189 15117 15715 15789 17799 17610 17956
2040   3 20430 16973 19155 17262 18672 17217 16289 15556 15684 15629 15248 16724
2040   43631.96125.66428.95507.12828.33963.75434.15890.96302.56871.76018.16408.6
2041   1818.61738.19824.58750.35780.87749.89 769.6780.93755.61760.01757.48805.26
2041   2 20216 17139 18960 17067 17064 15189 15117 15715 15789 17799 17610 17956
2041   3 20430 16388 19155 17262 18672 17217 16289 15556 15684 15629 15248 16724
2041   43631.95914.46428.95507.12828.33963.75434.15890.96302.56871.76018.16408.6
2042   1818.61738.19824.58750.35780.87749.89 769.6780.93755.61760.01757.48805.26
2042   2 20216 17139 18960 17067 17064 15189 15117 15715 15789 17799 17610 17956
2042   3 20430 16388 19155 17262 18672 17217 16289 15556 15684 15629 15248 16724
2042   43631.95914.46428.95507.12828.33963.75434.15890.96302.56871.76018.16408.6
2043   1818.61738.19824.58750.35780.87749.89 769.6780.93755.61760.01757.48805.26
2043   2 20216 17139 18960 17067 17064 15189 15117 15715 15789 17799 17610 17956
2043   3 20430 16388 19155 17262 18672 17217 16289 15556 15684 15629 15248 16724
2043   43631.95914.46428.95507.12828.33963.75434.15890.96302.56871.76018.16408.6
2044   1818.61764.56824.58750.35780.87749.89 769.6780.93755.61760.01757.48805.26
2044   2 20216 17751 18960 17067 17064 15189 15117 15715 15789 17799 17610 17956
2044   3 20430 16973 19155 17262 18672 17217 16289 15556 15684 15629 15248 16724
2044   43631.96125.66428.95507.12828.33963.75434.15890.96302.56871.76018.16408.6
