$version=2
!Year,Month,Day,Code,Name,Bus,Existing,Emin,Emax,Pmax,ChargeEffic,DischargeEffic,O&MCost,MinReactivePower,MaxReactivePower,ReactivePowerFactor,GenDev,MaxDev
2028,7,1,610,Bat-10-60065,60065,0,0,42.140432318103194,10.535108079525799,0.9,1,0,0,0,0,0,0
2028,7,1,1310,Bat-10-1512,1512,0,0,47.71989341888186,11.929973354720465,0.9,1,0,0,0,0,0,0
2028,7,1,310,Bat-10-38912,38912,0,0,96.1823927843262,24.04559819608155,0.9,1,0,0,0,0,0,0
2028,7,1,1110,Bat-10-38900,38900,0,0,72.90834444361396,18.22708611090349,0.9,1,0,0,0,0,0,0
2028,7,1,510,Bat-10-60341,60341,0,0,55.908058087327774,13.977014521831943,0.9,1,0,0,0,0,0,0
2028,7,1,1010,Bat-10-38911,38911,0,0,331.67763045442155,82.91940761360539,0.9,1,0,0,0,0,0,0
2028,7,1,2010,Bat-10-4303,4303,0,0,87.29494404634279,21.823736011585698,0.9,1,0,0,0,0,0,0
2028,7,1,1210,Bat-10-38929,38929,0,0,127.91106621836421,31.977766554591053,0.9,1,0,0,0,0,0,0
2028,7,1,810,Bat-10-80275,80275,0,0,36.71271095395174,9.178177738487935,0.9,1,0,0,0,0,0,0
2028,7,1,410,Bat-10-80265,80265,0,0,60.32472594355409,15.081181485888523,0.9,1,0,0,0,0,0,0
2028,7,1,910,Bat-10-4293,4293,0,0,67.70001368842999,16.925003422107498,0.9,1,0,0,0,0,0,0
2028,7,1,110,Bat-10-39813,39813,0,0,48.62127847551889,12.155319618879723,0.9,1,0,0,0,0,0,0
2028,7,1,210,Bat-10-2617,2617,0,0,70.1074794074313,17.526869851857825,0.9,1,0,0,0,0,0,0
2028,7,1,710,Bat-10-80276,80276,0,0,37.49622966226705,9.374057415566762,0.9,1,0,0,0,0,0,0
2028,7,1,1410,Bat-10-1525,1525,0,0,157.97303468180107,39.49325867045027,0.9,1,0,0,0,0,0,0
2028,7,1,1510,Bat-10-3875,3875,0,0,58.77779006199953,14.694447515499883,0.9,1,0,0,0,0,0,0
2028,7,1,1610,Bat-10-4300,4300,0,0,61.39561220769652,15.34890305192413,0.9,1,0,0,0,0,0,0
2028,7,1,1710,Bat-10-4285,4285,0,0,105.22229095053768,26.30557273763442,0.9,1,0,0,0,0,0,0
2028,7,1,1810,Bat-10-3895,3895,0,0,42.19055188981428,10.54763797245357,0.9,1,0,0,0,0,0,0
2028,7,1,1910,Bat-10-4298,4298,0,0,75.62983910561357,18.907459776403392,0.9,1,0,0,0,0,0,0
2031,1,1,1504,Bat-4-3875,3875,0,0,72.1560805233492,18.0390201308373,0.9,1,0,0,0,0,0,0
2031,1,1,304,Bat-4-38912,38912,0,0,118.07426702082017,29.518566755205043,0.9,1,0,0,0,0,0,0
2031,1,1,404,Bat-4-80265,80265,0,0,74.05511126125496,18.51377781531374,0.9,1,0,0,0,0,0,0
2031,1,1,904,Bat-4-4293,4293,0,0,83.10907289949954,20.777268224874884,0.9,1,0,0,0,0,0,0
2031,1,1,1804,Bat-4-3895,3895,0,0,51.793455593937985,12.948363898484496,0.9,1,0,0,0,0,0,0
2031,1,1,604,Bat-4-60065,60065,0,0,51.731928410824,12.932982102706,0.9,1,0,0,0,0,0,0
2031,1,1,504,Bat-4-60341,60341,0,0,68.63317482671741,17.158293706679352,0.9,1,0,0,0,0,0,0
2031,1,1,1704,Bat-4-4285,4285,0,0,129.17171759383416,32.29292939845854,0.9,1,0,0,0,0,0,0
2031,1,1,1604,Bat-4-4300,4300,0,0,75.36973971913513,18.84243492978378,0.9,1,0,0,0,0,0,0
2031,1,1,1204,Bat-4-38929,38929,0,0,157.02463777804994,39.256159444512484,0.9,1,0,0,0,0,0,0
2031,1,1,804,Bat-4-80275,80275,0,0,45.06881468373583,11.267203670933958,0.9,1,0,0,0,0,0,0
2031,1,1,1404,Bat-4-1525,1525,0,0,193.9289483152458,48.48223707881145,0.9,1,0,0,0,0,0,0
2031,1,1,704,Bat-4-80276,80276,0,0,46.03066845450733,11.507667113626832,0.9,1,0,0,0,0,0,0
2031,1,1,2004,Bat-4-4303,4303,0,0,107.1639645730991,26.790991143274773,0.9,1,0,0,0,0,0,0
2031,1,1,104,Bat-4-39813,39813,0,0,59.687866473494616,14.921966618373654,0.9,1,0,0,0,0,0,0
2031,1,1,1304,Bat-4-1512,1512,0,0,58.58131904017601,14.645329760044003,0.9,1,0,0,0,0,0,0
2031,1,1,1104,Bat-4-38900,38900,0,0,89.50286097773245,22.375715244433113,0.9,1,0,0,0,0,0,0
2031,1,1,204,Bat-4-2617,2617,0,0,86.06449688012599,21.516124220031497,0.9,1,0,0,0,0,0,0
2031,1,1,1004,Bat-4-38911,38911,0,0,407.1700855989745,101.79252139974362,0.9,1,0,0,0,0,0,0
2031,1,1,1904,Bat-4-4298,4298,0,0,92.84378937548223,23.210947343870558,0.9,1,0,0,0,0,0,0
2035,1,1,1204,Bat-4-38929,38929,0,0,449.72698155655894,112.43174538913973,0.9,1,0,0,0,0,0,0
2035,1,1,1304,Bat-4-1512,1512,0,0,167.78003859992288,41.94500964998072,0.9,1,0,0,0,0,0,0
2035,1,1,2004,Bat-4-4303,4303,0,0,306.9233401908274,76.73083504770685,0.9,1,0,0,0,0,0,0
2035,1,1,504,Bat-4-60341,60341,0,0,196.5690925082199,49.14227312705498,0.9,1,0,0,0,0,0,0
2035,1,1,1804,Bat-4-3895,3895,0,0,148.33923375495573,37.08480843873893,0.9,1,0,0,0,0,0,0
2035,1,1,404,Bat-4-80265,80265,0,0,212.0978091567672,53.0244522891918,0.9,1,0,0,0,0,0,0
2035,1,1,804,Bat-4-80275,80275,0,0,129.07950164290546,32.269875410726364,0.9,1,0,0,0,0,0,0
2035,1,1,204,Bat-4-2617,2617,0,0,246.49333345886873,61.62333336471718,0.9,1,0,0,0,0,0,0
2035,1,1,304,Bat-4-38912,38912,0,0,338.1710313628214,84.54275784070535,0.9,1,0,0,0,0,0,0
2035,1,1,1104,Bat-4-38900,38900,0,0,256.34099258414994,64.08524814603749,0.9,1,0,0,0,0,0,0
2035,1,1,1504,Bat-4-3875,3875,0,0,206.65888330585292,51.66472082646323,0.9,1,0,0,0,0,0,0
2035,1,1,1904,Bat-4-4298,4298,0,0,265.90959064097433,66.47739766024358,0.9,1,0,0,0,0,0,0
2035,1,1,1704,Bat-4-4285,4285,0,0,369.9547247997016,92.4886811999254,0.9,1,0,0,0,0,0,0
2035,1,1,104,Bat-4-39813,39813,0,0,170.94924977708183,42.73731244427046,0.9,1,0,0,0,0,0,0
2035,1,1,1404,Bat-4-1525,1525,0,0,555.4229055795024,138.8557263948756,0.9,1,0,0,0,0,0,0
2035,1,1,604,Bat-4-60065,60065,0,0,148.1630166037043,37.04075415092608,0.9,1,0,0,0,0,0,0
2035,1,1,904,Bat-4-4293,4293,0,0,238.0288407217118,59.50721018042795,0.9,1,0,0,0,0,0,0
2035,1,1,704,Bat-4-80276,80276,0,0,131.83430241270116,32.95857560317529,0.9,1,0,0,0,0,0,0
2035,1,1,1604,Bat-4-4300,4300,0,0,215.8629755446462,53.96574388616155,0.9,1,0,0,0,0,0,0
2035,1,1,1004,Bat-4-38911,38911,0,0,1166.1569557981156,291.5392389495289,0.9,1,0,0,0,0,0,0
2036,1,1,304,Bat-4-38912,38912,0,0,672.7628250173877,168.19070625434694,0.9,1,0,0,0,0,0,0
2036,1,1,2004,Bat-4-4303,4303,0,0,610.5981715181738,152.64954287954345,0.9,1,0,0,0,0,0,0
2036,1,1,1104,Bat-4-38900,38900,0,0,509.9688451836856,127.4922112959214,0.9,1,0,0,0,0,0,0
2036,1,1,404,Bat-4-80265,80265,0,0,421.9507528284191,105.48768820710478,0.9,1,0,0,0,0,0,0
2036,1,1,504,Bat-4-60341,60341,0,0,391.05767709904796,97.76441927476199,0.9,1,0,0,0,0,0,0
2036,1,1,1404,Bat-4-1525,1525,0,0,1104.967156799797,276.24178919994927,0.9,1,0,0,0,0,0,0
2036,1,1,604,Bat-4-60065,60065,0,0,294.75786028065113,73.68946507016278,0.9,1,0,0,0,0,0,0
2036,1,1,804,Bat-4-80275,80275,0,0,256.7928122854133,64.19820307135332,0.9,1,0,0,0,0,0,0
2036,1,1,1904,Bat-4-4298,4298,0,0,529.004766250675,132.25119156266874,0.9,1,0,0,0,0,0,0
2036,1,1,1304,Bat-4-1512,1512,0,0,333.7842756522405,83.44606891306013,0.9,1,0,0,0,0,0,0
2036,1,1,704,Bat-4-80276,80276,0,0,262.2732567243676,65.5683141810919,0.9,1,0,0,0,0,0,0
2036,1,1,1004,Bat-4-38911,38911,0,0,2319.971183914573,579.9927959786432,0.9,1,0,0,0,0,0,0
2036,1,1,1204,Bat-4-38929,38929,0,0,894.6940055132015,223.6735013783004,0.9,1,0,0,0,0,0,0
2036,1,1,1504,Bat-4-3875,3875,0,0,411.1304672889539,102.78261682223848,0.9,1,0,0,0,0,0,0
2036,1,1,904,Bat-4-4293,4293,0,0,473.5383591971329,118.38458979928322,0.9,1,0,0,0,0,0,0
2036,1,1,1604,Bat-4-4300,4300,0,0,429.44123468773694,107.36030867193423,0.9,1,0,0,0,0,0,0
2036,1,1,1704,Bat-4-4285,4285,0,0,735.9938099421151,183.9984524855288,0.9,1,0,0,0,0,0,0
2036,1,1,1804,Bat-4-3895,3895,0,0,295.1084294823201,73.77710737058003,0.9,1,0,0,0,0,0,0
2036,1,1,104,Bat-4-39813,39813,0,0,340.08915474265143,85.02228868566286,0.9,1,0,0,0,0,0,0
2036,1,1,204,Bat-4-2617,2617,0,0,490.377755591436,122.594438897859,0.9,1,0,0,0,0,0,0
2037,1,1,2004,Bat-4-4303,4303,0,0,715.976251458926,178.9940628647315,0.9,1,0,0,0,0,0,0
2037,1,1,1304,Bat-4-1512,1512,0,0,391.3893385616059,97.84733464040147,0.9,1,0,0,0,0,0,0
2037,1,1,704,Bat-4-80276,80276,0,0,307.5368253077845,76.88420632694613,0.9,1,0,0,0,0,0,0
2037,1,1,1604,Bat-4-4300,4300,0,0,503.5549396899353,125.88873492248382,0.9,1,0,0,0,0,0,0
2037,1,1,504,Bat-4-60341,60341,0,0,458.54708188440407,114.63677047110102,0.9,1,0,0,0,0,0,0
2037,1,1,1404,Bat-4-1525,1525,0,0,1295.664284325815,323.91607108145377,0.9,1,0,0,0,0,0,0
2037,1,1,904,Bat-4-4293,4293,0,0,555.2624215971508,138.8156053992877,0.9,1,0,0,0,0,0,0
2037,1,1,1704,Bat-4-4285,4285,0,0,863.0128842821872,215.7532210705468,0.9,1,0,0,0,0,0,0
2037,1,1,1104,Bat-4-38900,38900,0,0,597.9801433528941,149.49503583822352,0.9,1,0,0,0,0,0,0
2037,1,1,404,Bat-4-80265,80265,0,0,494.77173762118196,123.69293440529549,0.9,1,0,0,0,0,0,0
2037,1,1,1004,Bat-4-38911,38911,0,0,2720.35579081724,680.08894770431,0.9,1,0,0,0,0,0,0
2037,1,1,304,Bat-4-38912,38912,0,0,788.8693875044299,197.21734687610748,0.9,1,0,0,0,0,0,0
2037,1,1,204,Bat-4-2617,2617,0,0,575.0079899096908,143.7519974774227,0.9,1,0,0,0,0,0,0
2037,1,1,104,Bat-4-39813,39813,0,0,398.782324501656,99.695581125414,0.9,1,0,0,0,0,0,0
2037,1,1,804,Bat-4-80275,80275,0,0,301.1105563656826,75.27763909142065,0.9,1,0,0,0,0,0,0
2037,1,1,1904,Bat-4-4298,4298,0,0,620.3013163343388,155.0753290835847,0.9,1,0,0,0,0,0,0
2037,1,1,604,Bat-4-60065,60065,0,0,345.62767747415876,86.40691936853969,0.9,1,0,0,0,0,0,0
2037,1,1,1504,Bat-4-3875,3875,0,0,482.0840686407796,120.5210171601949,0.9,1,0,0,0,0,0,0
2037,1,1,1204,Bat-4-38929,38929,0,0,1049.1018318600509,262.2754579650127,0.9,1,0,0,0,0,0,0
2037,1,1,1804,Bat-4-3895,3895,0,0,346.0387485100641,86.50968712751603,0.9,1,0,0,0,0,0,0
2038,1,1,804,Bat-4-80275,80275,0,0,416.6949178936086,104.17372947340215,0.9,1,0,0,0,0,0,0
2038,1,1,904,Bat-4-4293,4293,0,0,768.4055715929085,192.10139289822712,0.9,1,0,0,0,0,0,0
2038,1,1,1204,Bat-4-38929,38929,0,0,1451.8102817958215,362.9525704489554,0.9,1,0,0,0,0,0,0
2038,1,1,1004,Bat-4-38911,38911,0,0,3764.5921371130767,941.1480342782692,0.9,1,0,0,0,0,0,0
2038,1,1,1704,Bat-4-4285,4285,0,0,1194.2891916428248,298.5722979107062,0.9,1,0,0,0,0,0,0
2038,1,1,1104,Bat-4-38900,38900,0,0,827.5209270107173,206.88023175267932,0.9,1,0,0,0,0,0,0
2038,1,1,604,Bat-4-60065,60065,0,0,478.3003904783301,119.57509761958252,0.9,1,0,0,0,0,0,0
2038,1,1,1304,Bat-4-1512,1512,0,0,541.6281324202336,135.4070331050584,0.9,1,0,0,0,0,0,0
2038,1,1,1404,Bat-4-1525,1525,0,0,1793.018249148167,448.2545622870417,0.9,1,0,0,0,0,0,0
2038,1,1,1804,Bat-4-3895,3895,0,0,478.869255328578,119.7173138321445,0.9,1,0,0,0,0,0,0
2038,1,1,104,Bat-4-39813,39813,0,0,551.8589914989054,137.96474787472636,0.9,1,0,0,0,0,0,0
2038,1,1,1504,Bat-4-3875,3875,0,0,667.1369606720996,166.7842401680249,0.9,1,0,0,0,0,0,0
2038,1,1,204,Bat-4-2617,2617,0,0,795.7306779128749,198.9326694782187,0.9,1,0,0,0,0,0,0
2038,1,1,304,Bat-4-38912,38912,0,0,1091.6849565902617,272.9212391475654,0.9,1,0,0,0,0,0,0
2038,1,1,1904,Bat-4-4298,4298,0,0,858.4103101497675,214.60257753744187,0.9,1,0,0,0,0,0,0
2038,1,1,404,Bat-4-80265,80265,0,0,684.6949209371306,171.17373023428266,0.9,1,0,0,0,0,0,0
2038,1,1,504,Bat-4-60341,60341,0,0,634.5650612266352,158.6412653066588,0.9,1,0,0,0,0,0,0
2038,1,1,1604,Bat-4-4300,4300,0,0,696.849644800207,174.21241120005175,0.9,1,0,0,0,0,0,0
2038,1,1,704,Bat-4-80276,80276,0,0,425.5879757840778,106.39699394601945,0.9,1,0,0,0,0,0,0
2038,1,1,2004,Bat-4-4303,4303,0,0,990.8110460037424,247.7027615009356,0.9,1,0,0,0,0,0,0
2039,1,1,204,Bat-4-2617,2617,0,0,914.0889395739184,228.5222348934796,0.9,1,0,0,0,0,0,0
2039,1,1,1704,Bat-4-4285,4285,0,0,1371.9296880657798,342.98242201644496,0.9,1,0,0,0,0,0,0
2039,1,1,104,Bat-4-39813,39813,0,0,633.943386041978,158.4858465104945,0.9,1,0,0,0,0,0,0
2039,1,1,1004,Bat-4-38911,38911,0,0,4324.543630224069,1081.1359075560172,0.9,1,0,0,0,0,0,0
2039,1,1,904,Bat-4-4293,4293,0,0,882.6994529636039,220.67486324090098,0.9,1,0,0,0,0,0,0
2039,1,1,804,Bat-4-80275,80275,0,0,478.67479059908044,119.66869764977011,0.9,1,0,0,0,0,0,0
2039,1,1,1504,Bat-4-3875,3875,0,0,766.3679858753621,191.59199646884053,0.9,1,0,0,0,0,0,0
2039,1,1,1804,Bat-4-3895,3895,0,0,550.0970390458907,137.52425976147268,0.9,1,0,0,0,0,0,0
2039,1,1,704,Bat-4-80276,80276,0,0,488.89061623243435,122.22265405810859,0.9,1,0,0,0,0,0,0
2039,1,1,1204,Bat-4-38929,38929,0,0,1667.7548796158862,416.93871990397156,0.9,1,0,0,0,0,0,0
2039,1,1,1304,Bat-4-1512,1512,0,0,622.1907725186657,155.5476931296664,0.9,1,0,0,0,0,0,0
2039,1,1,604,Bat-4-60065,60065,0,0,549.4435603223006,137.36089008057516,0.9,1,0,0,0,0,0,0
2039,1,1,304,Bat-4-38912,38912,0,0,1254.0639339629079,313.51598349072697,0.9,1,0,0,0,0,0,0
2039,1,1,1904,Bat-4-4298,4298,0,0,986.0916411846983,246.5229102961746,0.9,1,0,0,0,0,0,0
2039,1,1,1604,Bat-4-4300,4300,0,0,800.5001824595063,200.12504561487657,0.9,1,0,0,0,0,0,0
2039,1,1,504,Bat-4-60341,60341,0,0,728.9512896860105,182.2378224215026,0.9,1,0,0,0,0,0,0
2039,1,1,404,Bat-4-80265,80265,0,0,786.537545407539,196.63438635188476,0.9,1,0,0,0,0,0,0
2039,1,1,1104,Bat-4-38900,38900,0,0,950.607721484975,237.65193037124374,0.9,1,0,0,0,0,0,0
2039,1,1,1404,Bat-4-1525,1525,0,0,2059.7146691634584,514.9286672908646,0.9,1,0,0,0,0,0,0
2039,1,1,2004,Bat-4-4303,4303,0,0,1138.1858755718984,284.5464688929746,0.9,1,0,0,0,0,0,0
