$version=1
!Day,Month,Year,Code,Name,BusFrom,BusTo,Existing,Decommissioned,Resistance,Reactance,TotalSusceptance,Rating,EmergencyRating,OutageProbability
1,1,2030,76,MILAGR-CE230/BANABU-CE230 01,221,222,0,0,1.7063,14.496,57.495,576,777,0
1,1,2030,183,ITAPEB-BA230/EUNAPO-BA230 01,263,269,0,0,0.713,4.431,8.27,625,705,0
1,1,2030,184,ITAPEB-BA230/EUNAPO-BA230 02,263,269,0,0,0.713,4.431,8.27,625,705,0
1,1,2030,188,S.A.JE-BA230/SAPEAC-BA230 02,264,289,0,0,0.5387,2.99,5.6,625,705,0
1,1,2030,189,S.A.JE-BA230/SAPEAC-BA230 03,264,289,0,0,0.5387,2.99,5.6,625,705,0
1,1,2030,10641,UMUSUL-PR138/TAMOIO-PR138 01,44850,7237,0,0,0.543,2.079,0.802,178,178,0
1,1,2030,10642,MEDIAN-PR230/IGUACU-PR230 01,44925,6654,0,0,0.689,4.312,7.81,284,349,0
1,1,2030,10643,MEDIAN-PR230/IGUACU-PR230 02,44925,6654,0,0,0.702,4.395,8.74,284,383,0
1,1,2030,10644,MRIBAS-PR138/IVAIPO-PR138 01,45643,7017,0,0,3.75,10.92,2.967,82,82,0
1,1,2030,10645,MRIBAS-PR138/PITANG-PR138 01,45643,7137,0,0,2.65,7.72,2.099,82,82,0
1,1,2030,10646,CAPIVA-RS138/CID----RS138 01,51699,51555,0,0,2.512,6.262,1.64,134,162,0
1,1,2030,2764,C.PAUL-SP500/LORENA-SP500 01,3720,3702,0,0,0.0138,0.2045,30.71,2728,2728,0
1,1,2030,5233,TARUMA-AM138/PLANAL-AM138 01,10331,10803,0,0,20.69,1.851,1.2,335,418,0
1,1,2030,10647,BVISTA-RR069/PEDRAP-RR069 01,52208,52310,0,0,0.7458,4.6269,0.0897,99,125,0
1,1,2030,5320,P.NEG2-AM138/PLANAL-AM138 01,10701,10803,0,0,0.0937,0.839,0.5015,375,468,0
1,1,2030,5662,S.MIGU-PA138/M.RIO--PA138 01,19751,19752,0,0,4.6815,12.091,2.9494,126,126,0
1,1,2030,10648,SATELI-RR069/EQUATO-RR069 01,52231,52230,0,0,0.9695,6.015,0.1166,99,125,0
1,1,2030,10649,PEDRAP-RR069/PARAVI-RR069 01,52310,52305,0,0,1.4915,9.2536,0.1794,99,125,0
1,1,2030,10650,COLVSR-RN500/SLUZI2-PB500 01,57725,11500,0,0,0.0979,1.2271,175.6,2498,3321,0
1,1,2030,10558,FLORII-PE230/ZEBU3--AL230 01,212,296,0,0,0.7166,5.3346,26.37,578,777,0
1,1,2030,10559,BRUMA2-BA230/IBICOA-BA230 02,376,288,0,0,1.467,8.698,17.179,312,390,0
1,1,2030,10560,BESPER-MA500/G.ARAN-MA500 01,529,546,0,0,0.1487,2.2322,241.52,2347,3356,0
1,1,2030,10561,P.DUTR-MA500/G.ARAN-MA500 01,538,546,0,0,0.014,0.231,33.883,2123,2676,0
1,1,2030,10562,P.DUTR-MA500/G.ARAN-MA500 02,538,546,0,0,0.014,0.231,33.883,2123,2676,0
1,1,2030,10563,P.DUTR-MA500/G.ARAN-MA500 03,538,546,0,0,0.016,0.2418,34.985,2771,3464,0
1,1,2030,10564,P.DUTR-MA500/G.ARAN-MA500 04,538,546,0,0,0.016,0.2418,34.985,2771,3464,0
1,1,2030,10565,G.ARAN-MA500/TERES2-PI500 01,546,528,0,0,0.1296,2.0637,303.05,2123,2676,0
1,1,2030,10566,G.ARAN-MA500/TERES2-PI500 02,546,528,0,0,0.1296,2.0637,303.05,2123,2676,0
1,1,2030,10567,MIRACE-TO500/MI-GU4CAP500 04,571,774,0,0,0,-0.952,0,1732,2338,0
1,1,2030,10568,B.ALTO-GO500/TRINDA-GO500 01,770,4303,0,0,0.1043,1.442,413.53,3464,3464,0
1,1,2030,10569,GU-MI4CAP500/GURUPI-TO500 04,771,5002,0,0,0,-0.952,0,1732,2338,0
1,1,2030,10570,MI-GU4CAP500/GU-MI4CAP500 04,774,771,0,0,0.18,2.654,399.7,2728,3464,0
1,1,2030,10571,PORAN2-GO500/B.ALTO-GO500 01,777,770,0,0,0.1095,1.517,435.53,3464,3464,0
1,1,2030,10572,REAL-1-GO138/AREIAO-GO138 01,1176,1258,0,0,0.252,1.632,0.363,156,180,0
1,1,2030,10573,CARAJA-GO138/TRINDA-GO138 01,1192,1197,0,0,1.379,6.0194,1.7065,155,180,0
1,1,2030,10574,MARAJO-GO138/R.VERM-GO138 01,1204,1230,0,0,3.1134,9.0519,2.425,103,120,0
1,1,2030,10575,MATRI2-GO138/JUSSAR-GO138 01,1217,1193,0,0,2.1495,12.054,3.4599,174,235,0
1,1,2030,10576,MATRI2-GO138/BRITA2-GO138 01,1217,24094,0,0,3.0833,17.179,5.0278,176,238,0
1,1,2030,10577,MATRI2-GO138/MATRIN-GO138 01,1217,24096,0,0,0.2147,1.1946,0.3489,176,238,0
1,1,2030,10578,MATRI2-GO138/MATRIN-GO138 02,1217,24096,0,0,0.2147,1.1946,0.3489,176,238,0
1,1,2030,10579,A.LIND-GO069/PBERND-GO069 01,1242,1205,0,0,30.88,75.565,1.2303,47,59,0
1,1,2030,10580,ITAPAC-GO138/URUACU-GO138 01,1252,24013,0,0,7.765,18.984,4.8586,98,122,0
1,1,2030,10581,JAURU--MT500/C.NORT-MT500 02,3286,39551,0,0,0.2871,4.3014,425.17,2459,2927,0
1,1,2030,10582,SAMAMB-DF138/MARAJO-GO138 01,3877,1204,0,0,1.5397,4.4765,1.199,103,120,0
1,1,2030,10583,ESTREI-MG500/N.EXTR-MG500 01,4302,38930,0,0,0.21627,3.6887,514.4,2944,3711,0
1,1,2030,10584,MATRI2-GO230/FIRMIN-GO230 01,4332,1194,0,0,2.134,12.691,25.17,291,392,0
1,1,2030,10585,MATRI2-GO230/ITAPAC-GO230 01,4332,1235,0,0,2.328,13.864,27.54,291,392,0
1,1,2030,10586,GURUPI-TO500/PORAN2-GO500 01,5002,777,0,0,0.1038,1.435,411.33,3464,3464,0
1,1,2030,10587,SJOAQU-SC138/URUBIC-SC138 01,6328,6335,0,0,5.1926,12.672,3.2366,127,127,0
1,1,2030,10588,HERVAL-SC138/VDSUL2-SC138 01,6386,7880,0,0,4.3932,10.913,2.7279,127,127,0
1,1,2030,10589,VIDEIR-SC138/VDSUL2-SC138 01,6391,7880,0,0,0.7277,1.8068,0.4513,127,127,0
1,1,2030,10590,VIDEIR-SC138/VDSUL2-SC138 02,6391,7880,0,0,0.7277,1.8068,0.4513,127,127,0
1,1,2030,10591,TANGAR-SC138/VDSUL2-SC138 01,6398,7880,0,0,1.7151,4.2587,1.0639,127,127,0
1,1,2030,10592,CASCVO-PR525/IGUACU-PR525 01,6626,6655,0,0,0.064,1.201,158.64,3455,4114,0
1,1,2030,10593,IPU-FI-PR525/IGUACU-PR525 01,6649,6655,0,0,0.006,0.104,13.74,3455,4114,0
1,1,2030,10594,FOZNOR-PR230/IGUACU-PR230 01,6652,6654,0,0,0.123,0.764,1.39,284,349,0
1,1,2030,10595,FOZNOR-PR230/IGUACU-PR230 02,6652,6654,0,0,0.125,0.777,1.54,284,383,0
1,1,2030,10596,ARAUCA-PR069/UMBARA-PR069 01,6824,6870,0,0,1.8,7.94,0.155,76,111,0
1,1,2030,10597,ASTORG-PR138/SARAND-PR138 01,6828,7188,0,0,2.665,7.746,2.02,129,146,0
1,1,2030,10598,BACACH-PR069/PILARZ-PR069 01,6872,6868,0,0,1.74,4.97,0.1028,78,78,0
1,1,2030,10599,2VIZIN-PR138/FCHOPI-PR138 02,6931,6965,0,0,2.31,6.87,1.778,130,148,0
1,1,2030,10600,FAXINA-PR138/LONDRC-PR138 01,6952,7055,0,0,7.02,20.42,5.544,81,129,0
1,1,2030,10601,GUAIRA-PR138/VGAUCH-PR138 01,6984,7077,0,0,4.756,13.784,3.59,129,146,0
1,1,2030,10602,GUAIRA-PR138/PALOTI-PR138 02,6984,7118,0,0,4.06,11.8,3.207,88,134,0
1,1,2030,10603,LARANJ-PR138/PALMTA-PR138 01,7053,45644,0,0,5.538,16.497,4.305,82,130,0
1,1,2030,10604,JALVOR-PR138/SARAND-PR138 01,7080,7188,0,0,1.09,3.09,0.849,131,148,0
1,1,2030,10605,CBALES-PR230/P.FISC-PR230 02,7299,6731,0,0,0.244,3.303,15.778,450,567,0
1,1,2030,10606,CBALES-PR230/P.FISC-PR230 03,7299,6731,0,0,0.244,3.303,15.778,450,567,0
1,1,2030,10607,AQUIDA-MS138/BONIT1-MS138 01,8403,49067,0,0,10.5,26.21,6.91,97,124,0
1,1,2030,10608,SANTAN-AP069/AMAZ---AP069 01,10052,10169,0,0,5.7819,18.911,0.337,61,76,0
1,1,2030,10609,PARQ10-AM138/COLONI-AM138 01,10308,10728,0,0,0.101,0.764,0.4,335,418,0
1,1,2030,10610,PARQ10-AM138/COLONI-AM138 02,10308,10728,0,0,0.101,0.764,0.4,335,418,0
1,1,2030,10611,TARUMA-AM138/JARAQ2-AM138 01,10331,10700,0,0,1.25,0.981,0.061,335,418,0
1,1,2030,10612,TAMBAQ-AM069/MAUA-3-AM069 01,10445,10505,0,0,0.164,1.018,0.01,91,114,0
1,1,2030,10613,MAUA-3-AM138/DISTR5-AM138 01,10504,10730,0,0,0.084,0.636,0.4,335,418,0
1,1,2030,10614,CGRAND-AM138/SAOJOR-AM138 01,10530,10733,0,0,0.072,0.543,0.3,335,418,0
1,1,2030,10615,DISTR5-AM138/DI-4---AM138 01,10730,10310,0,0,0.042,0.322,0.2,335,418,0
1,1,2030,10616,SAOJOR-AM138/COMPEN-AM138 01,10733,10540,0,0,0.04,0.305,0.2,335,418,0
1,1,2030,10617,SLUZI2-PB500/BNOME2-PE500 01,11500,11578,0,0,0.1852,2.7814,303.95,2468,3334,0
1,1,2030,10618,MRDNVA-CE500/PACATB-CE500 01,11520,822,0,0,0.1241,1.8572,200.1,2347,3356,0
1,1,2030,10619,TERES4-PI500/G.ARAN-MA500 01,11528,546,0,0,0.1181,1.6352,471.04,2568,3464,0
1,1,2030,10620,OUROL2-BA500/JUSSIA-BA500 01,11561,11584,0,0,0.166,2.343,689.8,2568,3464,0
1,1,2030,10621,OUROL2-BA500/JUSSIA-BA500 02,11561,11584,0,0,0.166,2.343,689.8,2568,3464,0
1,1,2030,10622,JUSSIA-BA500/IBICOA-BA500 01,11584,588,0,0,0.01558,0.24882,36.4,1992,1992,0
1,1,2030,10623,JUSSIA-BA500/SJPARA-MG500 01,11584,11922,0,0,0.124,1.723,497.6,2568,3464,0
1,1,2030,10624,JUSSIA-BA500/SJPARA-MG500 02,11584,11922,0,0,0.124,1.723,497.6,2568,3464,0
1,1,2030,10625,IGAPO3-BA500/JUSSIA-BA500 01,11594,11584,0,0,0.10242,1.6362,239.2,1992,1992,0
1,1,2030,10626,SJPARA-MG500/CAPEL3-MG500 01,11922,38928,0,0,0.1377,1.9205,558,3464,4330,0
1,1,2030,10627,SJPARA-MG500/PPARA2-MG500 01,11922,38975,0,0,0.0947,1.3082,374,3464,4330,0
1,1,2030,10628,POCOE3-BA230/ITABUN-BA230 01,18612,345,0,0,1.766,12.332,25.19,312,390,0
1,1,2030,10629,SE--SO-DF138/SE--CC-DF138 01,22822,22864,0,0,0.37,1.95,0.62,186,205,0
1,1,2030,10630,SE--BA-DF069/SE--PD-DF069 01,22840,22837,0,0,8.37,17.5,0.462,63,70,0
1,1,2030,10631,SE--RJ-DF069/SE--BA-DF069 01,22850,22840,0,0,6.5,13.6,0.36,63,70,0
1,1,2030,10632,CHAPAD-GO138/CHAPA--MS138 01,23305,42547,0,0,4.2533,12.366,3.3136,103,120,0
1,1,2030,10633,APAREC-GO138/HIDROL-GO138 01,23349,23404,0,0,1.761,5.916,1.599,118,145,0
1,1,2030,10634,PORANG-GO069/SMIGUE-GO069 01,23503,23505,0,0,45.129,110.66,1.8061,47,59,0
1,1,2030,10635,IPORA--GO069/ARAG-N-GO069 01,24000,24099,0,0,27.038,150.67,2.8178,88,119,0
1,1,2030,10636,SAOSIM-MG138/ITURA1-MG138 01,27255,27252,0,0,5.787,26.62,7.3,180,180,0
1,1,2030,10637,N.EXTR-MG500/F.DIAS-SP500 01,38930,4322,0,0,0.03838,0.62892,83.568,2944,3711,0
1,1,2030,10638,C.NORT-MT500/CUIABA-MT500 02,39551,4284,0,0,0.0172,0.2493,23.52,2459,2927,0
1,1,2030,10639,G.ABPB-MA500/G.ARAN-MA500 01,41201,546,0,0,0,0.001,0,99999,99999,0
1,1,2030,10640,SILBPB-GO500/SILVAN-GO500 01,41202,14921,0,0,0,0.001,0,99999,99999,0
1,1,2031,10663,PARQ10-AM138/SHANGR-AM138 01,10308,10737,0,0,0.089,0.649,0.4,335,418,0
1,1,2031,10664,PARQ10-AM138/SHANGR-AM138 02,10308,10737,0,0,0.089,0.649,0.4,335,418,0
1,1,2031,10665,COLONI-AM138/SHANGR-AM138 01,10728,10737,0,0,0.027,0.204,0.1,335,418,0
1,1,2031,10666,SHANGR-AM138/COLONI-AM138 02,10737,10728,0,0,0.027,0.204,0.1,335,418,0
1,1,2031,10667,SE--PD-DF069/SE--SJ-DF069 01,22837,22838,0,0,20.4,34.91,0.594,63,70,0
1,1,2031,10668,SAMARO-RJ138/ACUTAP-RJ138 01,28376,28379,0,0,2.466,6.321,1.5863,122,122,0
1,1,2031,10669,RDOST2-RJ069/RDOST--RJ069 01,28734,28428,0,0,2.673,6.325,0.1167,61,73,0
1,1,2031,10670,RDOST2-RJ069/ROSTRA-RJ069 01,28734,28429,0,0,0.519,1.227,0.0226,61,73,0
1,1,2031,10671,SAMARO-RJ069/SBRAGA-RJ069 01,28735,28737,0,0,3.365,8,0.1345,49,61,0
1,1,2031,10672,CIDBAI-RS069/HOSCLI-RS069 01,51599,51585,0,0,0.437,1.374,0.0274,80,95,0
1,1,2031,10673,DRPAL3-RS069/PAL10--RS069 01,51602,9212,0,0,0.527,1.81,0.033,80,95,0
1,1,2031,10674,DRPAL3-RS069/PAL3---RS069 01,51602,9361,0,0,0.42,1.21,0.072,80,95,0
1,1,2031,10651,MATRI2-GO138/ITAPUR-GO138 01,1217,24015,0,0,4.4049,23.573,6.9691,170,213,0
1,1,2031,10652,MOMBAC-RJ138/SAMARO-RJ138 01,1953,28376,0,0,1.957,5.016,1.2588,122,122,0
1,1,2031,10653,SECCIO-RJ138/RDOST2-RJ138 01,2002,28723,0,0,1.04,2.581,0.645,98,122,0
1,1,2031,10654,PARNA--TO138/PEIXE--TO138 01,4505,5005,0,0,4.8122,25.972,7.5438,167,209,0
1,1,2031,10655,COLETO-RO230/NMPARA-RO230 01,5199,9517,0,0,0.6893,4.9326,24.758,478,478,0
1,1,2031,10656,COLETO-RO230/ABUNA--RO230 01,5199,9537,0,0,1.2987,9.7183,49.186,558,697,0
1,1,2031,10657,TIJUCA-SC138/BIGUCB-SC138 04,6091,7742,0,0,2.049,6.889,1.876,119,151,0
1,1,2031,10658,CAMBMB-SC138/ITAJA2-SC138 02,6229,7718,0,0,4.98,16.73,4.56,119,151,0
1,1,2031,10659,ITAJFA-SC138/ITAJA2-SC138 02,6269,7718,0,0,0.84,2.82,0.77,119,151,0
1,1,2031,10660,CANOIN-SC230/PGROSS-PR230 01,7778,7020,0,0,1.8569,11.343,27.321,313,424,0
1,1,2031,10661,PVELHO-RO230/COLETO-RO230 02,9510,5199,0,0,0.1643,1.1733,5.8722,558,697,0
1,1,2031,10662,PVELHO-RO230/COLETO-RO230 03,9510,5199,0,0,0.1588,1.1791,5.8983,478,478,0
1,1,2032,10698,D#2ATN-SP138/ARN_TK-SP138 01,31073,33011,0,0,0.276,0.7124,0.1769,95,139,0
1,1,2032,1058,PARACA-MG500/KINROS-MG500 01,1523,40672,0,0,0,0.001,0,99999,99999,0
1,1,2032,10699,D#1ATN-SP138/ARTURN-SP138 01,31074,3034,0,0,0.018,0.0465,0.0115,95,139,0
1,1,2032,10700,D#1ATN-SP138/ARN_TK-SP138 01,31074,33011,0,0,0.276,0.7124,0.1769,95,139,0
1,1,2032,2263,ARARAS-SP138/RCLAR1-SP138 01,2674,2872,0,0,0.3327,2.0467,1.1792,411,478,0
1,1,2032,2264,ARARAS-SP138/RCLAR1-SP138 02,2674,2872,0,0,0.3327,2.0467,1.1792,411,478,0
1,1,2032,10701,CAOTN--RJ138/CAIOAB-RJ138 01,38042,4119,0,0,0.001,0.001,0.001,153,194,0
1,1,2032,9414,REPAR1-PR230/REPAR--PR230 01,51722,6747,0,0,0,0.001,0,99999,99999,0
1,1,2032,10702,CAOTN--RJ138/NIGTR--RJ138 01,38042,38140,0,0,0.13,0.0974,0.0294,153,194,0
1,1,2032,10703,CAOTR--RJ138/CAIOAB-RJ138 01,38043,4119,0,0,0.001,0.001,0.001,153,194,0
1,1,2032,10704,CAOTR--RJ138/BMLTN--RJ138 01,38043,38152,0,0,0.105,0.777,0.2351,239,301,0
1,1,2032,10705,MDUTN--RJ138/CAOTN--RJ138 01,38138,38042,0,0,0.147,1.1025,0.3326,239,301,0
1,1,2032,10675,RCLAR2-GO138/MONTIV-GO138 01,1168,24016,0,0,3.5783,15.636,4.4392,155,180,0
1,1,2032,10676,CONTA7-MG138/CONTA6-MG138 01,1594,26744,0,0,0.0428,0.3814,9.8248,200,200,0
1,1,2032,10677,R.VERF-GO138/RVERD2-GO138 01,3955,24017,0,0,0.5517,2.4081,0.6826,155,180,0
1,1,2032,10678,CENTRO-RO069/COL.PV-RO069 01,9657,9626,0,0,4.8771,18.91,0.3524,85,85,0
1,1,2032,10679,IRANDU-AM138/MANACU-AM138 01,10306,10722,0,0,3.102,16.71,4.822,167,210,0
1,1,2032,10680,IRANDU-AM138/MANACU-AM138 02,10306,10722,0,0,3.102,16.71,4.822,335,418,0
1,1,2032,10681,TARUMA-AM138/CAMSAL-AM138 01,10331,10731,0,0,0.057,0.434,0.3,335,418,0
1,1,2032,10706,CROTN--RJ138/CAOTR--RJ138 01,38163,38043,0,0,0.1094,0.8097,0.245,239,301,0
1,1,2032,10682,TARUMA-AM138/CAMSAL-AM138 02,10331,10731,0,0,0.057,0.434,0.3,335,418,0
1,1,2032,10683,TARUMA-AM138/TURISM-AM138 01,10331,10801,0,0,0.0849,0.76,0.5,335,418,0
1,1,2032,10684,COMPEN-AM138/IRANDU-AM138 02,10540,10306,0,0,0.909,4.971,1.401,335,418,0
1,1,2032,10685,COMPEN-AM138/EP.SAL-AM138 01,10540,10726,0,0,0.064,0.484,0.3,335,418,0
1,1,2032,10686,DISTR3-AM138/PURAQU-AM138 01,10550,10725,0,0,0.084,0.636,0.4,335,418,0
1,1,2032,10687,DISTR3-AM138/PURAQU-AM138 02,10550,10725,0,0,0.084,0.636,0.4,335,418,0
1,1,2032,10688,CAMSAL-AM138/T.NOVA-AM138 01,10731,10736,0,0,0.054,0.407,0.2,335,418,0
1,1,2032,10689,CAMSAL-AM138/T.NOVA-AM138 02,10731,10736,0,0,0.054,0.407,0.2,335,418,0
1,1,2032,10690,SAOJOR-AM138/EP.SAL-AM138 01,10733,10726,0,0,0.127,0.967,0.6,335,418,0
1,1,2032,10691,TURISM-AM138/P.NEG2-AM138 01,10801,10701,0,0,0.122,1.091,0.7,335,418,0
1,1,2032,10692,SE--NB-DF138/SAMAMB-DF138 01,22839,3877,0,0,1.169,5.862,1.679,185,205,0
1,1,2032,10693,SE--NB-DF138/SE--SW-DF138 01,22839,22820,0,0,0.681,3.418,0.978,185,205,0
1,1,2032,10694,SE--CC-DF138/E-CN02-DF138 02,22864,22806,0,0,0.37,1.95,0.62,186,205,0
1,1,2032,10695,RVERD2-GO138/CABRIU-GO138 01,24017,24012,0,0,0.7724,3.3713,0.9556,155,180,0
1,1,2032,10696,CONTA6-MG138/BETIM4-MG138 01,26744,1548,0,0,0.1498,0.7634,4.0982,180,180,0
1,1,2032,10697,D#2ATN-SP138/ARTURN-SP138 01,31073,3034,0,0,0.018,0.0465,0.0115,95,139,0
1,1,2033,10714,PCOLOM-MG138/PLANRA-MG138 02,3843,27260,0,0,1.758,4.1709,1.0244,125,125,0
1,1,2033,10737,UBER10-MG345/MALGR2-MG345 01,38904,38902,0,0,0.302,3.117,57.21,1015,1344,0
1,1,2033,10738,GASPAR-SC230/SANTOA-SC230 01,46942,46952,0,0,1.9877,10.663,19.18,243,306,0
1,1,2033,5299,J.TEIX-AM138/DISTR3-AM138 02,10511,10550,0,0,0.078,0.594,0.379,335,418,0
1,1,2033,10739,RESTIN-RS069/VIA4---RS069 01,51367,51593,0,0,2.48,9.22,0.137,84,101,0
1,1,2033,10740,RESTIN-RS069/LAMI---RS069 01,51367,51594,0,0,3.66,13.62,0.203,84,101,0
1,1,2033,10741,RESTIN-RS069/GLORIA-RS069 01,51367,51595,0,0,1.15,3.97,0.07,80,95,0
1,1,2033,10742,RESTIN-RS069/CAVLH--RS069 01,51367,51597,0,0,0.76,2.61,0.05,80,95,0
1,1,2033,10743,FWAY---RS069/PAL20--RS069 01,51596,51360,0,0,0.9306,3.199,0.059,80,95,0
1,1,2033,10744,PAL4---RS069/MDEUS--RS069 01,51601,51362,0,0,0.417,1.673,1.728,100,120,0
1,1,2033,10707,ANHANG-GO138/REAL-1-GO138 02,1171,1176,0,0,0.2879,1.5363,0.4524,170,213,0
1,1,2033,10708,SGOTA1-MG138/PTMIN2-MG138 01,1607,1729,0,0,5.7346,24.709,7.1096,180,180,0
1,1,2033,10709,RPARAN-MG138/SGOTA2-MG138 02,1730,1748,0,0,1.7591,7.7463,2.0862,180,191,0
1,1,2033,10710,JAU2-Y-SP138/ESTANC-SP138 02,2837,38885,0,0,1.72,4.44,1.18,139,163,0
1,1,2033,10711,JAU1-Y-SP138/ESTANC-SP138 01,2838,38885,0,0,1.72,4.44,1.18,139,163,0
1,1,2033,10712,BBONIT-SP138/ESTANC-SP138 01,2871,38885,0,0,0.3996,2.1692,0.6242,249,293,0
1,1,2033,10713,BBONIT-SP138/ESTANC-SP138 02,2871,38885,0,0,0.3996,2.1692,0.6242,249,293,0
1,1,2033,10731,ST.ETE-AM138/AD.DUC-AM138 02,10555,10727,0,0,0.089,0.678,0.39,335,418,0
1,1,2033,10715,BR.SUL-DF138/PACAEM-GO138 01,3921,1225,0,0,2.6426,7.4491,1.98,103,120,0
1,1,2033,10716,SGOT2D-MG138/SGOTA2-MG138 02,4741,1748,0,0,0,0.01,0,300,360,0
1,1,2033,10717,STOAMA-SC138/SANTOA-SC138 01,6084,46953,0,0,0.27,1.21,0.34,186,195,0
1,1,2033,10718,BIGUAC-SC230/SANTOA-SC230 01,7740,46952,0,0,0.247,1.9669,4.08,404,522,0
1,1,2033,10719,PALHOC-SC230/SANTOA-SC230 02,7808,46952,0,0,0.2173,1.2206,2.2093,243,306,0
1,1,2033,10720,SIDER2-SC230/SIDERO-SC230 04,7823,7824,0,0,0.107,0.732,1.457,300,378,0
1,1,2033,10721,SIDER2-SC230/TUBARB-SC230 01,7823,7830,0,0,0.565,3.871,7.703,300,378,0
1,1,2033,10722,C.INDU-RS230/CANOA2-RS230 02,9020,9050,0,0,0.13,0.7,1.442,290,366,0
1,1,2033,10723,CANOA2-RS230/CACHOE-RS230 02,9050,9051,0,0,0.137,0.723,1.496,290,366,0
1,1,2033,10724,DVONPA-RS069/FWAY---RS069 01,9390,51596,0,0,0.479,1.648,0.0304,80,95,0
1,1,2033,10725,PAL8---RS069/PAL20--RS069 01,9400,51360,0,0,0.208,0.836,0.864,100,120,0
1,1,2033,10726,FAZEND-AP069/EQUATO-AP069 01,10096,10075,0,0,2.3862,14.805,0.287,85,107,0
1,1,2033,10727,DI-4---AM138/SAOLAZ-AM138 01,10310,10735,0,0,0.067,0.509,0.3,335,418,0
1,1,2033,10728,DI-4---AM138/SAOLAZ-AM138 02,10310,10735,0,0,0.067,0.509,0.3,335,418,0
1,1,2033,10729,J.TEIX-AM138/BRASIL-AM138 01,10511,10578,0,0,0.056,0.405,0.3,335,418,0
1,1,2033,10730,ST.ETE-AM138/AD.DUC-AM138 01,10555,10727,0,0,0.089,0.678,0.39,335,418,0
1,1,2033,10745,PAL4---RS069/CIDBAI-RS069 01,51601,51599,0,0,0.364,1.145,0.0228,80,95,0
1,1,2033,10732,BRASIL-AM138/DISTR3-AM138 01,10578,10550,0,0,0.103,0.78,0.5,335,418,0
1,1,2033,10733,SETEMA-AM138/ST.ETE-AM138 01,10729,10555,0,0,0.123,0.933,0.5,335,418,0
1,1,2033,10734,SETEMA-AM138/ST.ETE-AM138 02,10729,10555,0,0,0.123,0.933,0.5,335,418,0
1,1,2033,10746,PAL4---RS069/DRPAL3-RS069 01,51601,51602,0,0,0.394,1.357,0.025,80,95,0
1,1,2033,10735,S.LUZ3-MA138/ST.LUZ-MA138 02,14483,19310,0,0,0.675,1.6474,0.4208,98,122,0
1,1,2033,10736,ITURA1-MG138/AVERML-SP138 02,27252,2619,0,0,2.5954,6.3352,1.6184,98,122,0
1,1,2034,10761,CONCOR-SC138/CONCSC-SC138 01,7898,6427,0,0,0.5864,2.0043,0.5297,160,160,0
1,1,2034,10762,PAL19--RS230/PAL8---RS230 01,9116,9208,0,0,0.035,0.271,23.884,394,434,0
1,1,2034,10763,PAL19--RS230/VIAMAO-RS230 01,9116,9350,0,0,0.024,0.264,23.243,456,501,0
1,1,2034,10764,TURISM-AM138/PLANAL-AM138 01,10801,10803,0,0,0.122,1.091,0.7,335,418,0
1,1,2034,10765,PANAMB-BA138/SMARCE-BA138 01,18556,18558,0,0,3.003,14.659,3.879,150,205,0
1,1,2034,10766,ITAPUR-GO138/ITABER-GO138 01,24015,1190,0,0,3.5783,15.636,4.4392,155,180,0
1,1,2034,10681,TARUMA-AM138/CAMSAL-AM138 01,10331,10731,0,0,0.056,0.424,0.2,335,418,0
1,1,2034,10690,SAOJOR-AM138/EP.SAL-AM138 01,10733,10726,0,0,0.124,0.943,0.6,335,418,0
1,1,2034,10767,PAL19G-RS230/PAL19--RS230 01,51016,9116,0,0,0.016,0.242,27.745,560,616,0
1,1,2034,10768,BEMQUE-RR500/BVISTA-RR500 01,52242,52206,0,0,0.04939,0.6262,96.53,2716,3395,0
1,1,2034,10747,PICARR-SC138/ILHOT2-SC138 01,6276,47200,0,0,1.81,6.99,1.91,120,151,0
1,1,2034,10748,PATOBR-PR230/PALMA2-PR230 01,6730,6735,0,0,0.838,4.439,15.81,450,567,0
1,1,2034,10749,PALMA2-PR230/AREIA--PR230 01,6735,7749,0,0,1.005,5.324,18.97,450,567,0
1,1,2034,10750,CNOVOS-SC230/CONCOR-SC230 01,7723,7822,0,0,1.018,4.511,21.459,450,567,0
1,1,2034,10751,ITAJAI-SC230/ILHOT2-SC230 01,7731,7905,0,0,0.12,0.903,1.8,350,402,0
1,1,2034,10752,ITAJAI-SC230/ILHOT2-SC230 02,7731,7905,0,0,0.12,0.903,1.8,350,402,0
1,1,2034,10753,BLUMEN-SC230/ILHOT2-SC230 01,7734,7905,0,0,0.432,3.2508,6.48,350,402,0
1,1,2034,10754,BLUMEN-SC230/ILHOT2-SC230 02,7734,7905,0,0,0.432,3.2508,6.48,350,402,0
1,1,2034,10755,ITAJAI-SC138/ILHOT2-SC138 01,7738,47200,0,0,0.54,2.21,0.54,120,150,0
1,1,2034,10756,ITAJAI-SC138/ILHOT2-SC138 02,7738,47200,0,0,0.54,2.21,0.54,120,150,0
1,1,2034,10757,ITA----SC230/CONCOR-SC230 01,7827,7822,0,0,0.626,2.771,13.182,450,567,0
1,1,2034,10758,ILHOTA-SC138/ILHOT2-SC138 01,7833,47200,0,0,0.21,0.87,0.21,120,150,0
1,1,2034,10759,ILHOTA-SC138/ILHOT2-SC138 02,7833,47200,0,0,0.21,0.87,0.21,120,150,0
1,1,2034,10760,CONCOR-SC138/PTESER-SC138 01,7898,6363,0,0,3.0472,10.421,2.7558,160,160,0
1,1,2035,10770,DISTRI-RR069/EQUATO-RR069 02,52229,52230,0,0,1.4915,9.2536,0.1794,99,125,0
1,1,2035,10769,BVISTA-RR069/SATELI-RR069 02,52208,52231,0,0,1.7152,10.641,0.2063,99,125,0
1,1,2036,10773,ITA----SC230/IRAI---SC230 01,7827,50242,0,0,2.119,10.345,19.446,147,199,0
1,1,2036,9414,REPAR1-PR230/REPAR--PR230 01,51722,6747,0,0,0,0.1,0,99999,99999,0
1,1,2036,10774,ITA----SC230/IRAI---SC230 02,7827,50242,0,0,2.119,10.345,19.446,147,199,0
1,1,2036,10775,DESCAN-SC138/MARAVI-SC138 01,7899,6438,0,0,2.79,9.561,2.5227,160,160,0
1,1,2036,10776,LARANJ-AP230/URUCUP-AP230 01,10018,13034,0,0,1.554,13.013,50.547,332,449,0
1,1,2036,10777,C.MAGA-MT230/RONDON-MT230 01,23351,3260,0,0,3.4916,16.97,30.99,233,294,0
1,1,2036,10778,PINHAL-SC230/S.ANTC-SC230 01,46851,50247,0,0,0.387,2.295,4.506,168,227,0
1,1,2036,1058,PARACA-MG500/KINROS-MG500 01,1523,40672,0,0,0,0.1,0,99999,99999,0
1,1,2036,10771,RCLAR2-GO230/C.MAGA-MT230 01,1167,23351,0,0,3.325,15.71,31.27,210,264,0
1,1,2036,10772,SMIGUE-SC138/DESCAN-SC138 01,6465,7899,0,0,0.9552,3.2651,0.8629,160,160,0
1,1,2037,10817,CAPIVA-RS525/POASUL-RS525 01,50212,50251,0,0,0.053,0.951,118.61,3305,3637,0
1,1,2037,10818,ABDON2-SC525/POASUL-RS525 01,50244,50251,0,0,0.232,4.262,589.72,3305,3637,0
1,1,2037,10819,ABDON2-SC525/POASUL-RS525 02,50244,50251,0,0,0.232,4.262,589.72,3305,3637,0
1,1,2037,10820,POASUL-RS230/RESTIN-RS230 01,50252,51001,0,0,0.027,0.203,1.017,637,856,0
1,1,2037,10821,POASUL-RS069/PAL14--RS069 01,51603,9357,0,0,1.234,5.03,0.189,84,101,0
1,1,2037,10822,POASUL-RS069/LAMI---RS069 01,51603,51594,0,0,3.66,13.62,0.203,84,101,0
1,1,2037,10779,F.CHAP-SC230/DESCAN-SC230 01,7306,7831,0,0,1.337,7.824,14.86,365,458,0
1,1,2037,10780,F.CHAP-SC230/DESCAN-SC230 02,7306,7831,0,0,1.337,7.824,14.86,365,458,0
1,1,2037,10781,CNOVOS-SC230/VDSUL2-SC230 01,7723,7832,0,0,1.325,6.277,10.919,258,328,0
1,1,2037,10782,CNOVOS-SC230/VDSUL2-SC230 02,7723,7832,0,0,1.325,6.277,10.919,258,328,0
1,1,2037,10783,MRACJU-MS230/ANASTA-MS230 01,7724,7758,0,0,1.692,13.278,31.435,212,212,0
1,1,2037,10784,CURITI-PR230/JNVNT2-SC230 01,7739,7982,0,0,1.7296,8.8412,15.52,350,378,0
1,1,2037,10785,CURITI-PR230/JNVNT2-SC230 02,7739,7982,0,0,1.7296,8.8412,15.52,362,418,0
1,1,2037,10786,IMBIRU-MS230/CGNDE3-MS230 01,7755,7772,0,0,0.211,1.808,7.026,645,793,0
1,1,2037,10787,IMBIRU-MS230/CGNDE3-MS230 02,7755,7772,0,0,0.211,1.808,7.026,645,793,0
1,1,2037,10788,IMBIRU-MS230/CGNDE3-MS230 03,7755,7772,0,0,0.211,1.808,7.026,645,793,0
1,1,2037,10789,IMBIRU-MS230/CGNDE2-MS230 03,7755,39850,0,0,0.399,3.408,12.997,669,823,0
1,1,2037,10790,DOURAD-MS230/MRACJU-MS230 01,7757,7724,0,0,0.844,6.618,15.668,212,212,0
1,1,2037,10791,JNORTE-SC230/JNVNT2-SC230 01,7770,7982,0,0,0.188,0.961,1.687,350,378,0
1,1,2037,10792,JNORTE-SC230/JNVNT2-SC230 02,7770,7982,0,0,0.188,0.961,1.687,350,378,0
1,1,2037,10793,CGNDE3-MS230/CGNDE2-MS230 01,7772,39850,0,0,0.113,0.968,3.763,645,793,0
1,1,2037,10794,CGNDE3-MS230/CGNDE2-MS230 02,7772,39850,0,0,0.113,0.968,3.763,645,793,0
1,1,2037,10795,CGNDE3-MS230/CGNDE2-MS230 03,7772,39850,0,0,0.113,0.968,3.763,645,793,0
1,1,2037,10796,VIDEIR-SC230/VDSUL2-SC230 01,7779,7832,0,0,0.326,1.545,2.688,258,328,0
1,1,2037,10797,VIDEIR-SC230/VDSUL2-SC230 02,7779,7832,0,0,0.326,1.545,2.688,258,328,0
1,1,2037,10798,LGRAN2-RS230/FORQUI-SC230 01,7785,7743,0,0,2.123,10.955,18.87,232,292,0
1,1,2037,10799,LGRAN2-RS230/FORQUI-SC230 02,7785,7743,0,0,2.123,10.955,18.87,232,292,0
1,1,2037,10800,LGRAN2-RS230/FORQUI-SC230 03,7785,7743,0,0,2.123,10.955,18.87,232,292,0
1,1,2037,10801,LGRAN2-RS230/LGRAND-RS230 01,7785,7781,0,0,0.094,0.485,0.835,232,292,0
1,1,2037,10802,PAL21--RS230/PAL4---RS230 01,9102,9204,0,0,0.005,0.4,38.27,362,438,0
1,1,2037,10803,PAL21--RS230/PAL9---RS230 01,9102,9209,0,0,0.003,0.23,21.82,362,438,0
1,1,2037,10804,PAL21--RS230/PAL9---RS230 02,9102,9209,0,0,0.003,0.23,21.82,362,438,0
1,1,2037,10805,PAL21--RS230/PAL1---RS230 01,9102,51005,0,0,0.002,0.17,16.41,362,438,0
1,1,2037,10806,PAL4---RS230/POASUL-RS230 01,9204,50252,0,0,0.266,1.632,3.739,336,423,0
1,1,2037,10807,PAL6---RS230/POASUL-RS230 01,9206,50252,0,0,0.152,0.742,1.331,270,341,0
1,1,2037,10808,PAL6---RS230/POASUL-RS230 02,9206,50252,0,0,0.14,0.858,1.966,336,423,0
1,1,2037,10809,PAL13--RS230/POASUL-RS230 01,9213,50252,0,0,0.197,0.961,1.725,270,341,0
1,1,2037,10810,PAL13A-RS013/PA13-C-RS013 01,9388,9393,0,0,0,0.001,0,99999,99999,0
1,1,2037,10811,PARAI2-MS230/CGNDE2-MS230 03,39841,39850,0,0,1.623,14.846,54.424,645,793,0
1,1,2037,10812,BARIGU-PR230/UMBARA-PR230 01,45121,6619,0,0,0.379,1.97,3.482,276,276,0
1,1,2037,10813,PINHAL-SC230/DESCAN-SC230 01,46851,7831,0,0,0.953,5.581,10.599,365,458,0
1,1,2037,10814,PINHAL-SC230/DESCAN-SC230 02,46851,7831,0,0,0.953,5.581,10.599,365,458,0
1,1,2037,10815,CGNDE3-MS138/CGTama-MS138 01,46970,8490,0,0,0.0974,0.52,0.1531,170,213,0
1,1,2037,10816,CGNDE3-MS138/CGTama-MS138 02,46970,8490,0,0,0.0974,0.52,0.1531,170,213,0
1,1,2038,10611,TARUMA-AM138/JARAQ2-AM138 01,10331,10700,0,0,1.25,0.981,0.061,336,418,0
1,1,2038,10614,CGRAND-AM138/SAOJOR-AM138 01,10530,10733,0,0,0.189,1.379,0.9,335,418,0
1,1,2038,10734,SETEMA-AM138/ST.ETE-AM138 02,10729,10555,0,0,0.114,0.869,0.5,335,418,0
1,1,2038,10823,TRANSA-PA230/RUROPO-PA230 02,361,363,0,0,1.113,8.254,41.48,532,670,0
1,1,2038,10824,PIRAJA-BA230/PITUAC-BA230 01,388,278,0,0,0.046,0.339,1.216,99999,99999,0
1,1,2038,10825,PETROP-AM069/CACHO1-AM069 01,10314,10351,0,0,0.445,1.415,0.029,69,86,0
1,1,2038,10826,MANA1A-AM069/PETROP-AM069 01,10401,10314,0,0,0.445,1.415,0.029,69,86,0
1,1,2038,10827,PLACIB-AM069/COROAD-AM069 01,10451,10802,0,0,0.439,2.076,0.0395,91,114,0
1,1,2038,10828,COROAD-AM069/SJOSE--AM069 01,10802,10450,0,0,0.439,2.076,0.0395,91,114,0
1,1,2039,1058,PARACA-MG500/KINROS-MG500 01,1523,40672,0,0,0,0.001,0,99999,99999,0
1,1,2039,9414,REPAR1-PR230/REPAR--PR230 01,51722,6747,0,0,0,0.001,0,99999,99999,0
1,1,2039,10829,PALMEI-GO230/FIRMIN-GO230 02,1187,1194,0,0,0.736,4.357,8.58,291,392,0
1,1,2039,10830,RESEND-RJ500/LAGOS--RJ500 01,3782,38950,0,0,0.166,3.0233,454.23,2716,3395,0
1,1,2039,10831,RESEND-RJ500/LAGOS--RJ500 02,3782,38950,0,0,0.166,3.0233,454.23,2716,3395,0
1,1,2039,10832,NIQUEL-GO230/B.ALTO-GO230 03,3953,3947,0,0,1.139,7.945,16.15,339,450,0
1,1,2039,10833,TRIODC-RJ500/LAGOS--RJ500 03,4291,38950,0,0,0.1243,2.6777,281.68,2716,3395,0
1,1,2039,10834,CALAD2-RO069/PVELHO-RO069 01,9503,9639,0,0,2.3995,13.274,0.2457,88,119,0
1,1,2039,10835,CALAD2-RO069/CENTRO-RO069 01,9503,9657,0,0,5.1398,28.439,0.5265,88,119,0
1,1,2039,10836,LAGOS--RJ500/CAMPO2-RJ500 03,38950,38951,0,0,0.0593,1.2637,130.97,2716,3395,0
1,1,2040,859,CASCA3-MT138/C-VERD-MT138 02,1308,1309,0,0,2.72,10.516,2.916,136,170,0
