$version=1
!Day,Month,Year,Code,Name,Plant,Bus,Existing,NumberOfUnits,MinTurb,MaxTurb,MinGen,MaxGen,MinReactivePower,MaxReactivePower,ReactivePowerFactor,GenDev,MaxDev,GR,GX,TR,TX,Tap
1,1,2025,8,B.MONTE_P,288,4941,0,18,0,13950,0,11000,0,0,0,0,0,0,0,0,0,0
1,2,2025,8,B.MONTE_P,288,4941,0,18,0,13950,0,11000,0,0,0,0,0,0,0,0,0,0
1,3,2025,8,B.MONTE_P,288,4941,0,18,0,13950,0,11000,0,0,0,0,0,0,0,0,0,0
1,4,2025,8,B.MONTE_P,288,4941,0,18,0,13950,0,11000,0,0,0,0,0,0,0,0,0,0
1,5,2025,8,B.MONTE_P,288,4941,0,18,0,13950,0,11000,0,0,0,0,0,0,0,0,0,0
1,6,2025,8,B.MONTE_P,288,4941,0,18,0,13950,0,11000,0,0,0,0,0,0,0,0,0,0
1,7,2025,8,B.MONTE_P,288,4941,0,18,0,13950,0,11000,0,0,0,0,0,0,0,0,0,0
1,8,2025,8,B.MONTE_P,288,4941,0,18,0,13950,0,11000,0,0,0,0,0,0,0,0,0,0
1,9,2025,8,B.MONTE_P,288,4941,0,18,0,13950,0,11000,0,0,0,0,0,0,0,0,0,0
1,10,2025,8,B.MONTE_P,288,4941,0,18,0,13950,0,11000,0,0,0,0,0,0,0,0,0,0
1,11,2025,8,B.MONTE_P,288,4941,0,18,0,13950,0,11000,0,0,0,0,0,0,0,0,0,0
1,12,2025,8,B.MONTE_P,288,4941,0,18,0,13950,0,11000,0,0,0,0,0,0,0,0,0,0
1,1,2026,8,B.MONTE_P,288,4941,0,18,0,13950,0,11000,0,0,0,0,0,0,0,0,0,0
1,2,2026,8,B.MONTE_P,288,4941,0,18,0,13950,0,11000,0,0,0,0,0,0,0,0,0,0
1,3,2026,8,B.MONTE_P,288,4941,0,18,0,13950,0,11000,0,0,0,0,0,0,0,0,0,0
1,4,2026,8,B.MONTE_P,288,4941,0,18,0,13950,0,11000,0,0,0,0,0,0,0,0,0,0
1,5,2026,8,B.MONTE_P,288,4941,0,18,0,13950,0,11000,0,0,0,0,0,0,0,0,0,0
1,6,2026,8,B.MONTE_P,288,4941,0,18,0,13950,0,11000,0,0,0,0,0,0,0,0,0,0
1,7,2026,8,B.MONTE_P,288,4941,0,18,0,13950,0,11000,0,0,0,0,0,0,0,0,0,0
1,8,2026,8,B.MONTE_P,288,4941,0,18,0,13950,0,11000,0,0,0,0,0,0,0,0,0,0
1,9,2026,8,B.MONTE_P,288,4941,0,18,0,13950,0,11000,0,0,0,0,0,0,0,0,0,0
1,10,2026,8,B.MONTE_P,288,4941,0,18,0,13950,0,11000,0,0,0,0,0,0,0,0,0,0
1,11,2026,8,B.MONTE_P,288,4941,0,18,0,13950,0,11000,0,0,0,0,0,0,0,0,0,0
1,12,2026,8,B.MONTE_P,288,4941,0,18,0,13950,0,11000,0,0,0,0,0,0,0,0,0,0
1,1,2027,8,B.MONTE_P,288,4941,0,18,0,13950,0,11000,0,0,0,0,0,0,0,0,0,0
1,2,2027,8,B.MONTE_P,288,4941,0,18,0,13950,0,11000,0,0,0,0,0,0,0,0,0,0
1,3,2027,8,B.MONTE_P,288,4941,0,18,0,13950,0,11000,0,0,0,0,0,0,0,0,0,0
1,4,2027,8,B.MONTE_P,288,4941,0,18,0,13950,0,11000,0,0,0,0,0,0,0,0,0,0
1,5,2027,8,B.MONTE_P,288,4941,0,18,0,13950,0,11000,0,0,0,0,0,0,0,0,0,0
1,6,2027,8,B.MONTE_P,288,4941,0,18,0,13950,0,11000,0,0,0,0,0,0,0,0,0,0
1,7,2027,8,B.MONTE_P,288,4941,0,18,0,13950,0,11000,0,0,0,0,0,0,0,0,0,0
1,8,2027,8,B.MONTE_P,288,4941,0,18,0,13950,0,11000,0,0,0,0,0,0,0,0,0,0
1,9,2027,8,B.MONTE_P,288,4941,0,18,0,13950,0,11000,0,0,0,0,0,0,0,0,0,0
1,10,2027,8,B.MONTE_P,288,4941,0,18,0,13950,0,11000,0,0,0,0,0,0,0,0,0,0
1,11,2027,8,B.MONTE_P,288,4941,0,18,0,13950,0,11000,0,0,0,0,0,0,0,0,0,0
1,12,2027,8,B.MONTE_P,288,4941,0,18,0,13950,0,11000,0,0,0,0,0,0,0,0,0,0
1,1,2028,8,B.MONTE_P,288,4941,0,18,0,13950,0,11000,0,0,0,0,0,0,0,0,0,0
1,2,2028,8,B.MONTE_P,288,4941,0,18,0,13950,0,11000,0,0,0,0,0,0,0,0,0,0
1,3,2028,8,B.MONTE_P,288,4941,0,18,0,13950,0,11000,0,0,0,0,0,0,0,0,0,0
1,4,2028,8,B.MONTE_P,288,4941,0,18,0,13950,0,11000,0,0,0,0,0,0,0,0,0,0
1,5,2028,8,B.MONTE_P,288,4941,0,18,0,13950,0,11000,0,0,0,0,0,0,0,0,0,0
1,6,2028,8,B.MONTE_P,288,4941,0,18,0,13950,0,11000,0,0,0,0,0,0,0,0,0,0
1,7,2028,8,B.MONTE_P,288,4941,0,18,0,13950,0,11000,0,0,0,0,0,0,0,0,0,0
1,8,2028,8,B.MONTE_P,288,4941,0,18,0,13950,0,11000,0,0,0,0,0,0,0,0,0,0
1,9,2028,8,B.MONTE_P,288,4941,0,18,0,13950,0,11000,0,0,0,0,0,0,0,0,0,0
1,10,2028,8,B.MONTE_P,288,4941,0,18,0,13950,0,11000,0,0,0,0,0,0,0,0,0,0
1,11,2028,8,B.MONTE_P,288,4941,0,18,0,13950,0,11000,0,0,0,0,0,0,0,0,0,0
1,12,2028,8,B.MONTE_P,288,4941,0,18,0,13950,0,11000,0,0,0,0,0,0,0,0,0,0
1,1,2029,8,B.MONTE_P,288,4941,0,18,0,13950,0,11000,0,0,0,0,0,0,0,0,0,0
1,2,2029,8,B.MONTE_P,288,4941,0,18,0,13950,0,11000,0,0,0,0,0,0,0,0,0,0
1,3,2029,8,B.MONTE_P,288,4941,0,18,0,13950,0,11000,0,0,0,0,0,0,0,0,0,0
1,4,2029,8,B.MONTE_P,288,4941,0,18,0,13950,0,11000,0,0,0,0,0,0,0,0,0,0
1,5,2029,8,B.MONTE_P,288,4941,0,18,0,13950,0,11000,0,0,0,0,0,0,0,0,0,0
1,6,2029,8,B.MONTE_P,288,4941,0,18,0,13950,0,11000,0,0,0,0,0,0,0,0,0,0
1,7,2029,8,B.MONTE_P,288,4941,0,18,0,13950,0,11000,0,0,0,0,0,0,0,0,0,0
1,8,2029,8,B.MONTE_P,288,4941,0,18,0,13950,0,11000,0,0,0,0,0,0,0,0,0,0
1,9,2029,8,B.MONTE_P,288,4941,0,18,0,13950,0,11000,0,0,0,0,0,0,0,0,0,0
1,10,2029,8,B.MONTE_P,288,4941,0,18,0,13950,0,11000,0,0,0,0,0,0,0,0,0,0
1,11,2029,8,B.MONTE_P,288,4941,0,18,0,13950,0,11000,0,0,0,0,0,0,0,0,0,0
1,12,2029,8,B.MONTE_P,288,4941,0,18,0,13950,0,11000,0,0,0,0,0,0,0,0,0,0
1,1,2030,8,B.MONTE_P,288,4941,0,18,0,13950,0,11000,0,0,0,0,0,0,0,0,0,0
1,2,2030,8,B.MONTE_P,288,4941,0,18,0,13950,0,11000,0,0,0,0,0,0,0,0,0,0
1,3,2030,8,B.MONTE_P,288,4941,0,18,0,13950,0,11000,0,0,0,0,0,0,0,0,0,0
1,4,2030,8,B.MONTE_P,288,4941,0,18,0,13950,0,11000,0,0,0,0,0,0,0,0,0,0
1,5,2030,8,B.MONTE_P,288,4941,0,18,0,13950,0,11000,0,0,0,0,0,0,0,0,0,0
1,6,2030,8,B.MONTE_P,288,4941,0,18,0,13950,0,11000,0,0,0,0,0,0,0,0,0,0
1,7,2030,8,B.MONTE_P,288,4941,0,18,0,13950,0,11000,0,0,0,0,0,0,0,0,0,0
1,8,2030,8,B.MONTE_P,288,4941,0,18,0,13950,0,11000,0,0,0,0,0,0,0,0,0,0
1,9,2030,8,B.MONTE_P,288,4941,0,18,0,13950,0,11000,0,0,0,0,0,0,0,0,0,0
1,10,2030,8,B.MONTE_P,288,4941,0,18,0,13950,0,11000,0,0,0,0,0,0,0,0,0,0
1,11,2030,8,B.MONTE_P,288,4941,0,18,0,13950,0,11000,0,0,0,0,0,0,0,0,0,0
1,12,2030,8,B.MONTE_P,288,4941,0,18,0,13950,0,11000,0,0,0,0,0,0,0,0,0,0
1,1,2031,8,B.MONTE_P,288,4941,0,18,0,13950,0,11000,0,0,0,0,0,0,0,0,0,0
1,2,2031,8,B.MONTE_P,288,4941,0,18,0,13950,0,11000,0,0,0,0,0,0,0,0,0,0
1,3,2031,8,B.MONTE_P,288,4941,0,18,0,13950,0,11000,0,0,0,0,0,0,0,0,0,0
1,4,2031,8,B.MONTE_P,288,4941,0,18,0,13950,0,11000,0,0,0,0,0,0,0,0,0,0
1,5,2031,8,B.MONTE_P,288,4941,0,18,0,13950,0,11000,0,0,0,0,0,0,0,0,0,0
1,6,2031,8,B.MONTE_P,288,4941,0,18,0,13950,0,11000,0,0,0,0,0,0,0,0,0,0
1,7,2031,8,B.MONTE_P,288,4941,0,18,0,13950,0,11000,0,0,0,0,0,0,0,0,0,0
1,8,2031,8,B.MONTE_P,288,4941,0,18,0,13950,0,11000,0,0,0,0,0,0,0,0,0,0
1,9,2031,8,B.MONTE_P,288,4941,0,18,0,13950,0,11000,0,0,0,0,0,0,0,0,0,0
1,10,2031,8,B.MONTE_P,288,4941,0,18,0,13950,0,11000,0,0,0,0,0,0,0,0,0,0
1,11,2031,8,B.MONTE_P,288,4941,0,18,0,13950,0,11000,0,0,0,0,0,0,0,0,0,0
1,12,2031,8,B.MONTE_P,288,4941,0,18,0,13950,0,11000,0,0,0,0,0,0,0,0,0,0
1,1,2032,8,B.MONTE_P,288,4941,0,18,0,13950,0,11000,0,0,0,0,0,0,0,0,0,0
1,2,2032,8,B.MONTE_P,288,4941,0,18,0,13950,0,11000,0,0,0,0,0,0,0,0,0,0
1,3,2032,8,B.MONTE_P,288,4941,0,18,0,13950,0,11000,0,0,0,0,0,0,0,0,0,0
1,4,2032,8,B.MONTE_P,288,4941,0,18,0,13950,0,11000,0,0,0,0,0,0,0,0,0,0
1,5,2032,8,B.MONTE_P,288,4941,0,18,0,13950,0,11000,0,0,0,0,0,0,0,0,0,0
1,6,2032,8,B.MONTE_P,288,4941,0,18,0,13950,0,11000,0,0,0,0,0,0,0,0,0,0
1,7,2032,8,B.MONTE_P,288,4941,0,18,0,13950,0,11000,0,0,0,0,0,0,0,0,0,0
1,8,2032,8,B.MONTE_P,288,4941,0,18,0,13950,0,11000,0,0,0,0,0,0,0,0,0,0
1,9,2032,8,B.MONTE_P,288,4941,0,18,0,13950,0,11000,0,0,0,0,0,0,0,0,0,0
1,10,2032,8,B.MONTE_P,288,4941,0,18,0,13950,0,11000,0,0,0,0,0,0,0,0,0,0
1,11,2032,8,B.MONTE_P,288,4941,0,18,0,13950,0,11000,0,0,0,0,0,0,0,0,0,0
1,12,2032,8,B.MONTE_P,288,4941,0,18,0,13950,0,11000,0,0,0,0,0,0,0,0,0,0
1,1,2033,8,B.MONTE_P,288,4941,0,18,0,13950,0,11000,0,0,0,0,0,0,0,0,0,0
1,2,2033,8,B.MONTE_P,288,4941,0,18,0,13950,0,11000,0,0,0,0,0,0,0,0,0,0
1,3,2033,8,B.MONTE_P,288,4941,0,18,0,13950,0,11000,0,0,0,0,0,0,0,0,0,0
1,4,2033,8,B.MONTE_P,288,4941,0,18,0,13950,0,11000,0,0,0,0,0,0,0,0,0,0
1,5,2033,8,B.MONTE_P,288,4941,0,18,0,13950,0,11000,0,0,0,0,0,0,0,0,0,0
1,6,2033,8,B.MONTE_P,288,4941,0,18,0,13950,0,11000,0,0,0,0,0,0,0,0,0,0
1,7,2033,8,B.MONTE_P,288,4941,0,18,0,13950,0,11000,0,0,0,0,0,0,0,0,0,0
1,8,2033,8,B.MONTE_P,288,4941,0,18,0,13950,0,11000,0,0,0,0,0,0,0,0,0,0
1,9,2033,8,B.MONTE_P,288,4941,0,18,0,13950,0,11000,0,0,0,0,0,0,0,0,0,0
1,10,2033,8,B.MONTE_P,288,4941,0,18,0,13950,0,11000,0,0,0,0,0,0,0,0,0,0
1,11,2033,8,B.MONTE_P,288,4941,0,18,0,13950,0,11000,0,0,0,0,0,0,0,0,0,0
1,12,2033,8,B.MONTE_P,288,4941,0,18,0,13950,0,11000,0,0,0,0,0,0,0,0,0,0
1,1,2034,8,B.MONTE_P,288,4941,0,18,0,13950,0,11000,0,0,0,0,0,0,0,0,0,0
1,2,2034,8,B.MONTE_P,288,4941,0,18,0,13950,0,11000,0,0,0,0,0,0,0,0,0,0
1,3,2034,8,B.MONTE_P,288,4941,0,18,0,13950,0,11000,0,0,0,0,0,0,0,0,0,0
1,4,2034,8,B.MONTE_P,288,4941,0,18,0,13950,0,11000,0,0,0,0,0,0,0,0,0,0
1,5,2034,8,B.MONTE_P,288,4941,0,18,0,13950,0,11000,0,0,0,0,0,0,0,0,0,0
1,6,2034,8,B.MONTE_P,288,4941,0,18,0,13950,0,11000,0,0,0,0,0,0,0,0,0,0
1,7,2034,8,B.MONTE_P,288,4941,0,18,0,13950,0,11000,0,0,0,0,0,0,0,0,0,0
1,8,2034,8,B.MONTE_P,288,4941,0,18,0,13950,0,11000,0,0,0,0,0,0,0,0,0,0
1,9,2034,8,B.MONTE_P,288,4941,0,18,0,13950,0,11000,0,0,0,0,0,0,0,0,0,0
1,10,2034,8,B.MONTE_P,288,4941,0,18,0,13950,0,11000,0,0,0,0,0,0,0,0,0,0
1,11,2034,8,B.MONTE_P,288,4941,0,18,0,13950,0,11000,0,0,0,0,0,0,0,0,0,0
1,12,2034,8,B.MONTE_P,288,4941,0,18,0,13950,0,11000,0,0,0,0,0,0,0,0,0,0
1,1,2035,8,B.MONTE_P,288,4941,0,18,0,13950,0,11000,0,0,0,0,0,0,0,0,0,0
1,2,2035,8,B.MONTE_P,288,4941,0,18,0,13950,0,11000,0,0,0,0,0,0,0,0,0,0
1,3,2035,8,B.MONTE_P,288,4941,0,18,0,13950,0,11000,0,0,0,0,0,0,0,0,0,0
1,4,2035,8,B.MONTE_P,288,4941,0,18,0,13950,0,11000,0,0,0,0,0,0,0,0,0,0
1,5,2035,8,B.MONTE_P,288,4941,0,18,0,13950,0,11000,0,0,0,0,0,0,0,0,0,0
1,6,2035,8,B.MONTE_P,288,4941,0,18,0,13950,0,11000,0,0,0,0,0,0,0,0,0,0
1,7,2035,8,B.MONTE_P,288,4941,0,18,0,13950,0,11000,0,0,0,0,0,0,0,0,0,0
1,8,2035,8,B.MONTE_P,288,4941,0,18,0,13950,0,11000,0,0,0,0,0,0,0,0,0,0
1,9,2035,8,B.MONTE_P,288,4941,0,18,0,13950,0,11000,0,0,0,0,0,0,0,0,0,0
1,10,2035,8,B.MONTE_P,288,4941,0,18,0,13950,0,11000,0,0,0,0,0,0,0,0,0,0
1,11,2035,8,B.MONTE_P,288,4941,0,18,0,13950,0,11000,0,0,0,0,0,0,0,0,0,0
1,12,2035,8,B.MONTE_P,288,4941,0,18,0,13950,0,11000,0,0,0,0,0,0,0,0,0,0
1,1,2036,8,B.MONTE_P,288,4941,0,18,0,13950,0,11000,0,0,0,0,0,0,0,0,0,0
1,2,2036,8,B.MONTE_P,288,4941,0,18,0,13950,0,11000,0,0,0,0,0,0,0,0,0,0
1,3,2036,8,B.MONTE_P,288,4941,0,18,0,13950,0,11000,0,0,0,0,0,0,0,0,0,0
1,4,2036,8,B.MONTE_P,288,4941,0,18,0,13950,0,11000,0,0,0,0,0,0,0,0,0,0
1,5,2036,8,B.MONTE_P,288,4941,0,18,0,13950,0,11000,0,0,0,0,0,0,0,0,0,0
1,6,2036,8,B.MONTE_P,288,4941,0,18,0,13950,0,11000,0,0,0,0,0,0,0,0,0,0
1,7,2036,8,B.MONTE_P,288,4941,0,18,0,13950,0,11000,0,0,0,0,0,0,0,0,0,0
1,8,2036,8,B.MONTE_P,288,4941,0,18,0,13950,0,11000,0,0,0,0,0,0,0,0,0,0
1,9,2036,8,B.MONTE_P,288,4941,0,18,0,13950,0,11000,0,0,0,0,0,0,0,0,0,0
1,10,2036,8,B.MONTE_P,288,4941,0,18,0,13950,0,11000,0,0,0,0,0,0,0,0,0,0
1,11,2036,8,B.MONTE_P,288,4941,0,18,0,13950,0,11000,0,0,0,0,0,0,0,0,0,0
1,12,2036,8,B.MONTE_P,288,4941,0,18,0,13950,0,11000,0,0,0,0,0,0,0,0,0,0
1,1,2037,8,B.MONTE_P,288,4941,0,18,0,13950,0,11000,0,0,0,0,0,0,0,0,0,0
1,2,2037,8,B.MONTE_P,288,4941,0,18,0,13950,0,11000,0,0,0,0,0,0,0,0,0,0
1,3,2037,8,B.MONTE_P,288,4941,0,18,0,13950,0,11000,0,0,0,0,0,0,0,0,0,0
1,4,2037,8,B.MONTE_P,288,4941,0,18,0,13950,0,11000,0,0,0,0,0,0,0,0,0,0
1,5,2037,8,B.MONTE_P,288,4941,0,18,0,13950,0,11000,0,0,0,0,0,0,0,0,0,0
1,6,2037,8,B.MONTE_P,288,4941,0,18,0,13950,0,11000,0,0,0,0,0,0,0,0,0,0
1,7,2037,8,B.MONTE_P,288,4941,0,18,0,13950,0,11000,0,0,0,0,0,0,0,0,0,0
1,8,2037,8,B.MONTE_P,288,4941,0,18,0,13950,0,11000,0,0,0,0,0,0,0,0,0,0
1,9,2037,8,B.MONTE_P,288,4941,0,18,0,13950,0,11000,0,0,0,0,0,0,0,0,0,0
1,10,2037,8,B.MONTE_P,288,4941,0,18,0,13950,0,11000,0,0,0,0,0,0,0,0,0,0
1,11,2037,8,B.MONTE_P,288,4941,0,18,0,13950,0,11000,0,0,0,0,0,0,0,0,0,0
1,12,2037,8,B.MONTE_P,288,4941,0,18,0,13950,0,11000,0,0,0,0,0,0,0,0,0,0
1,1,2038,8,B.MONTE_P,288,4941,0,18,0,13950,0,11000,0,0,0,0,0,0,0,0,0,0
1,2,2038,8,B.MONTE_P,288,4941,0,18,0,13950,0,11000,0,0,0,0,0,0,0,0,0,0
1,3,2038,8,B.MONTE_P,288,4941,0,18,0,13950,0,11000,0,0,0,0,0,0,0,0,0,0
1,4,2038,8,B.MONTE_P,288,4941,0,18,0,13950,0,11000,0,0,0,0,0,0,0,0,0,0
1,5,2038,8,B.MONTE_P,288,4941,0,18,0,13950,0,11000,0,0,0,0,0,0,0,0,0,0
1,6,2038,8,B.MONTE_P,288,4941,0,18,0,13950,0,11000,0,0,0,0,0,0,0,0,0,0
1,7,2038,8,B.MONTE_P,288,4941,0,18,0,13950,0,11000,0,0,0,0,0,0,0,0,0,0
1,8,2038,8,B.MONTE_P,288,4941,0,18,0,13950,0,11000,0,0,0,0,0,0,0,0,0,0
1,9,2038,8,B.MONTE_P,288,4941,0,18,0,13950,0,11000,0,0,0,0,0,0,0,0,0,0
1,10,2038,8,B.MONTE_P,288,4941,0,18,0,13950,0,11000,0,0,0,0,0,0,0,0,0,0
1,11,2038,8,B.MONTE_P,288,4941,0,18,0,13950,0,11000,0,0,0,0,0,0,0,0,0,0
1,12,2038,8,B.MONTE_P,288,4941,0,18,0,13950,0,11000,0,0,0,0,0,0,0,0,0,0
1,1,2039,8,B.MONTE_P,288,4941,0,18,0,13950,0,11000,0,0,0,0,0,0,0,0,0,0
1,2,2039,8,B.MONTE_P,288,4941,0,18,0,13950,0,11000,0,0,0,0,0,0,0,0,0,0
1,3,2039,8,B.MONTE_P,288,4941,0,18,0,13950,0,11000,0,0,0,0,0,0,0,0,0,0
1,4,2039,8,B.MONTE_P,288,4941,0,18,0,13950,0,11000,0,0,0,0,0,0,0,0,0,0
1,5,2039,8,B.MONTE_P,288,4941,0,18,0,13950,0,11000,0,0,0,0,0,0,0,0,0,0
1,6,2039,8,B.MONTE_P,288,4941,0,18,0,13950,0,11000,0,0,0,0,0,0,0,0,0,0
1,7,2039,8,B.MONTE_P,288,4941,0,18,0,13950,0,11000,0,0,0,0,0,0,0,0,0,0
1,8,2039,8,B.MONTE_P,288,4941,0,18,0,13950,0,11000,0,0,0,0,0,0,0,0,0,0
1,9,2039,8,B.MONTE_P,288,4941,0,18,0,13950,0,11000,0,0,0,0,0,0,0,0,0,0
1,10,2039,8,B.MONTE_P,288,4941,0,18,0,13950,0,11000,0,0,0,0,0,0,0,0,0,0
1,11,2039,8,B.MONTE_P,288,4941,0,18,0,13950,0,11000,0,0,0,0,0,0,0,0,0,0
1,12,2039,8,B.MONTE_P,288,4941,0,18,0,13950,0,11000,0,0,0,0,0,0,0,0,0,0
