!NUM ...Nombre... .TP ...PrdEsp... ...PrdHid... U .....A0..... .....A1..... .....A2..... .....A3..... .....A4.....
   1 CAMARGOS             0.008525          1.2 1       892.97     0.062089  -0.00011041    1.247e-07  -5.5512e-11
   2 ITUTINGA             0.008819         1.96 1          886            0            0            0            0
   4 FUNIL GRANDE         0.008829         0.84 2          808            0            0            0            0
   6 FURNAS               0.009027         0.77 2     735.2458   0.00349658 -1.97437e-07 6.917049e-12 -9.77365e-17
   7 MASC. MORAES         0.008841         1.08 2     641.7749  0.008088168 -3.69824e-07 -7.11052e-11 9.123737e-15
   8 ESTREITO GDE         0.009007          1.3 2        622.5            0            0            0            0
   9 JAGUARA              0.008927         1.34 1        558.5            0            0            0            0
  10 IGARAPAVA            0.009026          0.3 2          512            0            0            0            0
  11 VOLTA GRANDE         0.009025         0.75 1     494.8699            0            0            0            0
  12 P. COLOMBIA          0.009105         0.21 2        467.2            0            0            0            0
  14 CACONDE              0.008437         2.04 1     816.3469      0.19769  -0.00057357 9.690375e-07 -6.32937e-10
  15 EUCLID CUNHA         0.008339         2.22 1          665            0            0            0            0
  16 A.S.OLIVEIRA          0.00824         1.36 1          573            0            0            0            0
  17 MARIMBONDO           0.008983         0.85 2     417.8938    0.0111714 -2.29377e-06 2.909948e-10  -1.4826e-14
  18 A. VERMELHA          0.008829         1.11 1     352.0298  0.004995856 -2.74164e-07  7.09831e-12            0
  20 BATALHA              0.009025          1.2 2     775.0463   0.02639726 -1.06269e-05 1.987292e-09            0
  21 SERRA FACAO          0.008927         1.86 2     682.6038    0.0487297 -1.59388e-05   2.6708e-09 -1.70707e-13
  24 EMBORCACAO           0.008731         1.27 1     568.0898     0.014506  -1.2028e-06 5.830299e-11  -1.1245e-15
  25 NOVA PONTE           0.009223         0.93 2     752.1499    0.0122835 -1.25688e-06 7.852509e-11 -1.97863e-15
  26 MIRANDA              0.009117          2.4 2     684.7029    -0.004019 -7.93603e-07  2.78513e-08 -1.42009e-11
  27 CAPIM BRANC1         0.008829          1.8 2       594.02      0.35164   -0.0021575   7.3589e-06  -9.5971e-09
  28 CAPIM BRANC2         0.008829          1.1 2     527.3599      0.11044  -0.00018921   1.9327e-07  -7.4543e-11
  29 CORUMBA IV           0.009123          1.2 2     789.3335   0.03966617 -1.49605e-05 3.071849e-09   -2.366e-13
  30 CORUMBA I            0.008879         0.71 2     545.8928   0.06470865 -3.23717e-05 7.393357e-09            0
  31 ITUMBIARA            0.009114         1.09 2     471.1648   0.00728054 -5.60989e-07  2.59776e-11 -4.84536e-16
  32 CACH DOURADA          0.00873         1.96 1     434.1199            0            0            0            0
  33 SAO SIMAO            0.009025    0.6199999 1     358.3289   0.00861726 -8.84266e-07 5.293249e-11 -1.24196e-15
  34 _I. SOLTEIRA         0.008829         2.35 1     293.9248   0.00360059 -1.84615e-07  5.87764e-12 -7.50362e-17
  37 BARRA BONITA         0.008633         0.93 1     432.7839    0.0149645 -6.70742e-06  1.75977e-09 -1.69823e-13
  38 A.SOUZA LIMA         0.008437          0.9 1        427.5            0            0            0            0
  39 IBITINGA             0.008829          1.4 1          404            0            0            0            0
  40 PROMISSAO            0.008829         2.12 1     369.6938 -0.000524999  1.08299e-06  -1.6016e-10 7.927737e-15
  42 N.AVANHANDAV         0.008829         1.79 1          358            0            0            0            0
  43 _TRES IRMAOS         0.008829         2.33 1     293.2058  0.005496006 -3.92702e-07  1.73305e-11 -3.10185e-16
  45 JUPIA                0.008808         1.39 1          280            0            0            0            0
  46 P. PRIMAVERA         0.009133         0.36 2       239.17     0.002497  -1.2596e-07   3.0481e-12   -2.571e-17
  47 A.A. LAYDNER         0.008947          0.4 2     542.5549  0.006367009 -6.75152e-07 5.394289e-11 -1.89938e-15
  48 PIRAJU               0.008829          0.5 2        531.5            0            0            0            0
  49 CHAVANTES            0.009084         0.91 2     437.4719    0.0066313 -3.75179e-07  1.06241e-11            0
  50 L. N. GARCEZ         0.008338         0.65 1     384.6699            0            0            0            0
  51 CANOAS II            0.008829          0.3 2          366            0            0            0            0
  52 CANOAS I             0.008928          0.3 2          351            0            0            0            0
  53 PARANAPANEMA         0.008389         0.54 2     499.2734   -0.1690551    0.1062977 -0.005972982 0.0001143604
  61 CAPIVARA             0.008898         1.12 1      297.875  0.007188067 -6.62931e-07 3.945029e-11 -9.87111e-16
  62 TAQUARUCU            0.009143         0.39 2          284            0            0            0            0
  63 ROSANA               0.009143         0.19 2          258            0            0            0            0
 153 SAO DOMINGOS         0.008948         0.48 2      335.495    0.0694226  9.71599e-05  -5.6772e-07            0
 203 CORUMBA III          0.009086         1.06 2     749.6738    0.0203488  4.56875e-05 -7.84141e-08 3.516709e-11
 241 SLT VERDINHO         0.009025         1.25 2        370.5            0            0            0            0
 249 OURINHOS             0.008731         0.19 2          398            0            0            0            0
 260 ESTRELA              0.008916         0.36 2     480.1162    0.3733815 -0.003324934 1.553341e-05 -2.65908e-08
 262 SALTO                0.008858         0.65 2        446.5            0            0            0            0
 290 ESPORA               0.008731          5.2 2     559.1338     0.399645  -0.00278485 9.257429e-06   -1.154e-08
 311 CACU                 0.009025         0.35 2       476.18            0            0            0            0
 312 B. COQUEIROS         0.009025         0.44 2      418.481      0.17256 -0.000418949  5.90862e-07  -3.1965e-10
 315 FOZ R CLARO          0.009025         0.52 2          354            0            0            0            0
