****   8.3288  97 ESTREITO TOC :>: H: 267                                                                                                                                                                                                                                                                                                                                                                                                                                                                                                                                                                                                                                                                                                                                                                                                                                                                                                                                                                                                                                                           
A~no Blk ......1 ......2 ......3 ......4 ......5 ......6 ......7 ......8 ......9 .....10 .....11 .....12
2025   1     869    1046     955     569     671     304     214     218     502     536     838     516
2025   2     441     668     804     611     553     304     208     207     326     418     450     430
2025   3     308     381     703     449     348     274     210     191     206     292     304     303
2025   4     222     307     484     334     258     279     219     180     179     200     218     219
2026   1     869    1046     955     569     671     304     214     218     502     536     838     516
2026   2     441     668     804     611     553     304     208     207     326     418     450     430
2026   3     308     381     703     449     348     274     210     191     206     292     304     303
2026   4     222     307     484     334     258     279     219     180     179     200     218     219
2027   1     869    1046     955     569     671     304     214     218     502     536     838     516
2027   2     441     668     804     611     553     304     208     207     326     418     450     430
2027   3     308     381     703     449     348     274     210     191     206     292     304     303
2027   4     222     307     484     334     258     279     219     180     179     200     218     219
2028   1     869    1046     955     569     671     304     214     218     502     536     838     516
2028   2     441     668     804     611     553     304     208     207     326     418     450     430
2028   3     308     381     703     449     348     274     210     191     206     292     304     303
2028   4     222     307     484     334     258     279     219     180     179     200     218     219
2029   1     869    1046     955     569     671     304     214     218     502     536     838     516
2029   2     441     668     804     611     553     304     208     207     326     418     450     430
2029   3     308     381     703     449     348     274     210     191     206     292     304     303
2029   4     222     307     484     334     258     279     219     180     179     200     218     219
2030   1     869    1046     955     569     671     304     214     218     502     536     838     516
2030   2     441     668     804     611     553     304     208     207     326     418     450     430
2030   3     308     381     703     449     348     274     210     191     206     292     304     303
2030   4     222     307     484     334     258     279     219     180     179     200     218     219
2031   1     869    1046     955     569     671     304     214     218     502     536     838     516
2031   2     441     668     804     611     553     304     208     207     326     418     450     430
2031   3     308     381     703     449     348     274     210     191     206     292     304     303
2031   4     222     307     484     334     258     279     219     180     179     200     218     219
2032   1     869    1046     955     569     671     304     214     218     502     536     838     516
2032   2     441     668     804     611     553     304     208     207     326     418     450     430
2032   3     308     381     703     449     348     274     210     191     206     292     304     303
2032   4     222     307     484     334     258     279     219     180     179     200     218     219
2033   1     869    1046     955     569     671     304     214     218     502     536     838     516
2033   2     441     668     804     611     553     304     208     207     326     418     450     430
2033   3     308     381     703     449     348     274     210     191     206     292     304     303
2033   4     222     307     484     334     258     279     219     180     179     200     218     219
2034   1     869    1046     955     569     671     304     214     218     502     536     838     516
2034   2     441     668     804     611     553     304     208     207     326     418     450     430
2034   3     308     381     703     449     348     274     210     191     206     292     304     303
2034   4     222     307     484     334     258     279     219     180     179     200     218     219
2035   1     869    1046     955     569     671     304     214     218     502     536     838     516
2035   2     441     668     804     611     553     304     208     207     326     418     450     430
2035   3     308     381     703     449     348     274     210     191     206     292     304     303
2035   4     222     307     484     334     258     279     219     180     179     200     218     219
2036   1     869    1046     955     569     671     304     214     218     502     536     838     516
2036   2     441     668     804     611     553     304     208     207     326     418     450     430
2036   3     308     381     703     449     348     274     210     191     206     292     304     303
2036   4     222     307     484     334     258     279     219     180     179     200     218     219
2037   1     869    1046     955     569     671     304     214     218     502     536     838     516
2037   2     441     668     804     611     553     304     208     207     326     418     450     430
2037   3     308     381     703     449     348     274     210     191     206     292     304     303
2037   4     222     307     484     334     258     279     219     180     179     200     218     219
2038   1     869    1046     955     569     671     304     214     218     502     536     838     516
2038   2     441     668     804     611     553     304     208     207     326     418     450     430
2038   3     308     381     703     449     348     274     210     191     206     292     304     303
2038   4     222     307     484     334     258     279     219     180     179     200     218     219
2039   1     869    1046     955     569     671     304     214     218     502     536     838     516
2039   2     441     668     804     611     553     304     208     207     326     418     450     430
2039   3     308     381     703     449     348     274     210     191     206     292     304     303
2039   4     222     307     484     334     258     279     219     180     179     200     218     219
****   8.3288  98 CURUA-UNA    :>: H: 272                                                                                                                                                                                                                                                                                                                                                                                                                                                                                                                                                                                                                                                                                                                                                                                                                                                                                                                                                                                                                                                           
A~no Blk ......1 ......2 ......3 ......4 ......5 ......6 ......7 ......8 ......9 .....10 .....11 .....12
2025   1      27      20      30      25      28      30      24      27      30      26      30      30
2025   2      27      25      30      26      29      30      28      26      29      26      24      30
2025   3      27      25      30      25      30      30      27      25      29      26      23      27
2025   4      27      25      30      24      27      30      27      26      30      26      22      24
2026   1      27      20      30      25      28      30      24      27      30      26      30      30
2026   2      27      25      30      26      29      30      28      26      29      26      24      30
2026   3      27      25      30      25      30      30      27      25      29      26      23      27
2026   4      27      25      30      24      27      30      27      26      30      26      22      24
2027   1      27      20      30      25      28      30      24      27      30      26      30      30
2027   2      27      25      30      26      29      30      28      26      29      26      24      30
2027   3      27      25      30      25      30      30      27      25      29      26      23      27
2027   4      27      25      30      24      27      30      27      26      30      26      22      24
2028   1      27      20      30      25      28      30      24      27      30      26      30      30
2028   2      27      25      30      26      29      30      28      26      29      26      24      30
2028   3      27      25      30      25      30      30      27      25      29      26      23      27
2028   4      27      25      30      24      27      30      27      26      30      26      22      24
2029   1      27      20      30      25      28      30      24      27      30      26      30      30
2029   2      27      25      30      26      29      30      28      26      29      26      24      30
2029   3      27      25      30      25      30      30      27      25      29      26      23      27
2029   4      27      25      30      24      27      30      27      26      30      26      22      24
2030   1      27      20      30      25      28      30      24      27      30      26      30      30
2030   2      27      25      30      26      29      30      28      26      29      26      24      30
2030   3      27      25      30      25      30      30      27      25      29      26      23      27
2030   4      27      25      30      24      27      30      27      26      30      26      22      24
2031   1      27      20      30      25      28      30      24      27      30      26      30      30
2031   2      27      25      30      26      29      30      28      26      29      26      24      30
2031   3      27      25      30      25      30      30      27      25      29      26      23      27
2031   4      27      25      30      24      27      30      27      26      30      26      22      24
2032   1      27      20      30      25      28      30      24      27      30      26      30      30
2032   2      27      25      30      26      29      30      28      26      29      26      24      30
2032   3      27      25      30      25      30      30      27      25      29      26      23      27
2032   4      27      25      30      24      27      30      27      26      30      26      22      24
2033   1      27      20      30      25      28      30      24      27      30      26      30      30
2033   2      27      25      30      26      29      30      28      26      29      26      24      30
2033   3      27      25      30      25      30      30      27      25      29      26      23      27
2033   4      27      25      30      24      27      30      27      26      30      26      22      24
2034   1      27      20      30      25      28      30      24      27      30      26      30      30
2034   2      27      25      30      26      29      30      28      26      29      26      24      30
2034   3      27      25      30      25      30      30      27      25      29      26      23      27
2034   4      27      25      30      24      27      30      27      26      30      26      22      24
2035   1      27      20      30      25      28      30      24      27      30      26      30      30
2035   2      27      25      30      26      29      30      28      26      29      26      24      30
2035   3      27      25      30      25      30      30      27      25      29      26      23      27
2035   4      27      25      30      24      27      30      27      26      30      26      22      24
2036   1      27      20      30      25      28      30      24      27      30      26      30      30
2036   2      27      25      30      26      29      30      28      26      29      26      24      30
2036   3      27      25      30      25      30      30      27      25      29      26      23      27
2036   4      27      25      30      24      27      30      27      26      30      26      22      24
2037   1      27      20      30      25      28      30      24      27      30      26      30      30
2037   2      27      25      30      26      29      30      28      26      29      26      24      30
2037   3      27      25      30      25      30      30      27      25      29      26      23      27
2037   4      27      25      30      24      27      30      27      26      30      26      22      24
2038   1      27      20      30      25      28      30      24      27      30      26      30      30
2038   2      27      25      30      26      29      30      28      26      29      26      24      30
2038   3      27      25      30      25      30      30      27      25      29      26      23      27
2038   4      27      25      30      24      27      30      27      26      30      26      22      24
2039   1      27      20      30      25      28      30      24      27      30      26      30      30
2039   2      27      25      30      26      29      30      28      26      29      26      24      30
2039   3      27      25      30      25      30      30      27      25      29      26      23      27
2039   4      27      25      30      24      27      30      27      26      30      26      22      24
****   8.3288  99 TUCURUI      :>: H: 275                                                                                                                                                                                                                                                                                                                                                                                                                                                                                                                                                                                                                                                                                                                                                                                                                                                                                                                                                                                                                                                           
A~no Blk ......1 ......2 ......3 ......4 ......5 ......6 ......7 ......8 ......9 .....10 .....11 .....12
2025   1    2728    3531    5129    4716    4626    3307    1767    1528    3186    3549    2028    2167
2025   2    2582    3438    3799    3910    4048    2147    1557    1541    2248    2107    1581    2120
2025   3    2242    2656    2360    3158    3131    1590    1540    1505    1541    1526    1523    1902
2025   4    1507    1912    1818    2349    2205    1526    1430    1410    1388    1356    1407    1383
2026   1    2728    3531    5129    4716    4626    3307    1767    1528    3186    3549    2028    2167
2026   2    2582    3438    3799    3910    4048    2147    1557    1541    2248    2107    1581    2120
2026   3    2242    2656    2360    3158    3131    1590    1540    1505    1541    1526    1523    1902
2026   4    1507    1912    1818    2349    2205    1526    1430    1410    1388    1356    1407    1383
2027   1    2728    3531    5129    4716    4626    3307    1767    1528    3186    3549    2028    2167
2027   2    2582    3438    3799    3910    4048    2147    1557    1541    2248    2107    1581    2120
2027   3    2242    2656    2360    3158    3131    1590    1540    1505    1541    1526    1523    1902
2027   4    1507    1912    1818    2349    2205    1526    1430    1410    1388    1356    1407    1383
2028   1    2728    3531    5129    4716    4626    3307    1767    1528    3186    3549    2028    2167
2028   2    2582    3438    3799    3910    4048    2147    1557    1541    2248    2107    1581    2120
2028   3    2242    2656    2360    3158    3131    1590    1540    1505    1541    1526    1523    1902
2028   4    1507    1912    1818    2349    2205    1526    1430    1410    1388    1356    1407    1383
2029   1    2728    3531    5129    4716    4626    3307    1767    1528    3186    3549    2028    2167
2029   2    2582    3438    3799    3910    4048    2147    1557    1541    2248    2107    1581    2120
2029   3    2242    2656    2360    3158    3131    1590    1540    1505    1541    1526    1523    1902
2029   4    1507    1912    1818    2349    2205    1526    1430    1410    1388    1356    1407    1383
2030   1    2728    3531    5129    4716    4626    3307    1767    1528    3186    3549    2028    2167
2030   2    2582    3438    3799    3910    4048    2147    1557    1541    2248    2107    1581    2120
2030   3    2242    2656    2360    3158    3131    1590    1540    1505    1541    1526    1523    1902
2030   4    1507    1912    1818    2349    2205    1526    1430    1410    1388    1356    1407    1383
2031   1    2728    3531    5129    4716    4626    3307    1767    1528    3186    3549    2028    2167
2031   2    2582    3438    3799    3910    4048    2147    1557    1541    2248    2107    1581    2120
2031   3    2242    2656    2360    3158    3131    1590    1540    1505    1541    1526    1523    1902
2031   4    1507    1912    1818    2349    2205    1526    1430    1410    1388    1356    1407    1383
2032   1    2728    3531    5129    4716    4626    3307    1767    1528    3186    3549    2028    2167
2032   2    2582    3438    3799    3910    4048    2147    1557    1541    2248    2107    1581    2120
2032   3    2242    2656    2360    3158    3131    1590    1540    1505    1541    1526    1523    1902
2032   4    1507    1912    1818    2349    2205    1526    1430    1410    1388    1356    1407    1383
2033   1    2728    3531    5129    4716    4626    3307    1767    1528    3186    3549    2028    2167
2033   2    2582    3438    3799    3910    4048    2147    1557    1541    2248    2107    1581    2120
2033   3    2242    2656    2360    3158    3131    1590    1540    1505    1541    1526    1523    1902
2033   4    1507    1912    1818    2349    2205    1526    1430    1410    1388    1356    1407    1383
2034   1    2728    3531    5129    4716    4626    3307    1767    1528    3186    3549    2028    2167
2034   2    2582    3438    3799    3910    4048    2147    1557    1541    2248    2107    1581    2120
2034   3    2242    2656    2360    3158    3131    1590    1540    1505    1541    1526    1523    1902
2034   4    1507    1912    1818    2349    2205    1526    1430    1410    1388    1356    1407    1383
2035   1    2728    3531    5129    4716    4626    3307    1767    1528    3186    3549    2028    2167
2035   2    2582    3438    3799    3910    4048    2147    1557    1541    2248    2107    1581    2120
2035   3    2242    2656    2360    3158    3131    1590    1540    1505    1541    1526    1523    1902
2035   4    1507    1912    1818    2349    2205    1526    1430    1410    1388    1356    1407    1383
2036   1    2728    3531    5129    4716    4626    3307    1767    1528    3186    3549    2028    2167
2036   2    2582    3438    3799    3910    4048    2147    1557    1541    2248    2107    1581    2120
2036   3    2242    2656    2360    3158    3131    1590    1540    1505    1541    1526    1523    1902
2036   4    1507    1912    1818    2349    2205    1526    1430    1410    1388    1356    1407    1383
2037   1    2728    3531    5129    4716    4626    3307    1767    1528    3186    3549    2028    2167
2037   2    2582    3438    3799    3910    4048    2147    1557    1541    2248    2107    1581    2120
2037   3    2242    2656    2360    3158    3131    1590    1540    1505    1541    1526    1523    1902
2037   4    1507    1912    1818    2349    2205    1526    1430    1410    1388    1356    1407    1383
2038   1    2728    3531    5129    4716    4626    3307    1767    1528    3186    3549    2028    2167
2038   2    2582    3438    3799    3910    4048    2147    1557    1541    2248    2107    1581    2120
2038   3    2242    2656    2360    3158    3131    1590    1540    1505    1541    1526    1523    1902
2038   4    1507    1912    1818    2349    2205    1526    1430    1410    1388    1356    1407    1383
2039   1    2728    3531    5129    4716    4626    3307    1767    1528    3186    3549    2028    2167
2039   2    2582    3438    3799    3910    4048    2147    1557    1541    2248    2107    1581    2120
2039   3    2242    2656    2360    3158    3131    1590    1540    1505    1541    1526    1523    1902
2039   4    1507    1912    1818    2349    2205    1526    1430    1410    1388    1356    1407    1383
