****   8.3288 103 SINOP        :>: H: 227                                                                                                                                                                                                                                                                                                                                                                                                                                                                                                                                                                                                                                                                                                                                                                                                                                                                                                                                                                                                                                                           
A~no Blk ......1 ......2 ......3 ......4 ......5 ......6 ......7 ......8 ......9 .....10 .....11 .....12
2025   1       0       0       0     167     165       0       0       0       1       0       0       0
2025   2      61       0     119     174     164       0       0       0       0       0       0       0
2025   3      29       0      67     173     156       0       0       0       0       0       0       0
2025   4       2      26      15     114     152     146       0       0       0       0       0       0
2026   1       0       0       0     167     165       0       0       0       1       0       0       0
2026   2      61       0     119     174     164       0       0       0       0       0       0       0
2026   3      29       0      67     173     156       0       0       0       0       0       0       0
2026   4       2      26      15     114     152     146       0       0       0       0       0       0
2027   1       0       0       0     167     165       0       0       0       1       0       0       0
2027   2      61       0     119     174     164       0       0       0       0       0       0       0
2027   3      29       0      67     173     156       0       0       0       0       0       0       0
2027   4       2      26      15     114     152     146       0       0       0       0       0       0
2028   1       0       0       0     167     165       0       0       0       1       0       0       0
2028   2      61       0     119     174     164       0       0       0       0       0       0       0
2028   3      29       0      67     173     156       0       0       0       0       0       0       0
2028   4       2      26      15     114     152     146       0       0       0       0       0       0
2029   1       0       0       0     167     165       0       0       0       1       0       0       0
2029   2      61       0     119     174     164       0       0       0       0       0       0       0
2029   3      29       0      67     173     156       0       0       0       0       0       0       0
2029   4       2      26      15     114     152     146       0       0       0       0       0       0
2030   1       0       0       0     167     165       0       0       0       1       0       0       0
2030   2      61       0     119     174     164       0       0       0       0       0       0       0
2030   3      29       0      67     173     156       0       0       0       0       0       0       0
2030   4       2      26      15     114     152     146       0       0       0       0       0       0
2031   1       0       0       0     167     165       0       0       0       1       0       0       0
2031   2      61       0     119     174     164       0       0       0       0       0       0       0
2031   3      29       0      67     173     156       0       0       0       0       0       0       0
2031   4       2      26      15     114     152     146       0       0       0       0       0       0
2032   1       0       0       0     167     165       0       0       0       1       0       0       0
2032   2      61       0     119     174     164       0       0       0       0       0       0       0
2032   3      29       0      67     173     156       0       0       0       0       0       0       0
2032   4       2      26      15     114     152     146       0       0       0       0       0       0
2033   1       0       0       0     167     165       0       0       0       1       0       0       0
2033   2      61       0     119     174     164       0       0       0       0       0       0       0
2033   3      29       0      67     173     156       0       0       0       0       0       0       0
2033   4       2      26      15     114     152     146       0       0       0       0       0       0
2034   1       0       0       0     167     165       0       0       0       1       0       0       0
2034   2      61       0     119     174     164       0       0       0       0       0       0       0
2034   3      29       0      67     173     156       0       0       0       0       0       0       0
2034   4       2      26      15     114     152     146       0       0       0       0       0       0
2035   1       0       0       0     167     165       0       0       0       1       0       0       0
2035   2      61       0     119     174     164       0       0       0       0       0       0       0
2035   3      29       0      67     173     156       0       0       0       0       0       0       0
2035   4       2      26      15     114     152     146       0       0       0       0       0       0
2036   1       0       0       0     167     165       0       0       0       1       0       0       0
2036   2      61       0     119     174     164       0       0       0       0       0       0       0
2036   3      29       0      67     173     156       0       0       0       0       0       0       0
2036   4       2      26      15     114     152     146       0       0       0       0       0       0
2037   1       0       0       0     167     165       0       0       0       1       0       0       0
2037   2      61       0     119     174     164       0       0       0       0       0       0       0
2037   3      29       0      67     173     156       0       0       0       0       0       0       0
2037   4       2      26      15     114     152     146       0       0       0       0       0       0
2038   1       0       0       0     167     165       0       0       0       1       0       0       0
2038   2      61       0     119     174     164       0       0       0       0       0       0       0
2038   3      29       0      67     173     156       0       0       0       0       0       0       0
2038   4       2      26      15     114     152     146       0       0       0       0       0       0
2039   1       0       0       0     167     165       0       0       0       1       0       0       0
2039   2      61       0     119     174     164       0       0       0       0       0       0       0
2039   3      29       0      67     173     156       0       0       0       0       0       0       0
2039   4       2      26      15     114     152     146       0       0       0       0       0       0
****   8.3288 104 COLIDER      :>: H: 228                                                                                                                                                                                                                                                                                                                                                                                                                                                                                                                                                                                                                                                                                                                                                                                                                                                                                                                                                                                                                                                           
A~no Blk ......1 ......2 ......3 ......4 ......5 ......6 ......7 ......8 ......9 .....10 .....11 .....12
2025   1     100       0      32     116     158     110       0      53      66      61      71     128
2025   2     125       4      91      73      51     102       0      61      60      66      75      68
2025   3     113       9     121      99      78     141     101      59      61      64      71      74
2025   4      95      11      86      80     119     149     106      60      67      65      67      77
2026   1     100       0      32     116     158     110       0      53      66      61      71     128
2026   2     125       4      91      73      51     102       0      61      60      66      75      68
2026   3     113       9     121      99      78     141     101      59      61      64      71      74
2026   4      95      11      86      80     119     149     106      60      67      65      67      77
2027   1     100       0      32     116     158     110       0      53      66      61      71     128
2027   2     125       4      91      73      51     102       0      61      60      66      75      68
2027   3     113       9     121      99      78     141     101      59      61      64      71      74
2027   4      95      11      86      80     119     149     106      60      67      65      67      77
2028   1     100       0      32     116     158     110       0      53      66      61      71     128
2028   2     125       4      91      73      51     102       0      61      60      66      75      68
2028   3     113       9     121      99      78     141     101      59      61      64      71      74
2028   4      95      11      86      80     119     149     106      60      67      65      67      77
2029   1     100       0      32     116     158     110       0      53      66      61      71     128
2029   2     125       4      91      73      51     102       0      61      60      66      75      68
2029   3     113       9     121      99      78     141     101      59      61      64      71      74
2029   4      95      11      86      80     119     149     106      60      67      65      67      77
2030   1     100       0      32     116     158     110       0      53      66      61      71     128
2030   2     125       4      91      73      51     102       0      61      60      66      75      68
2030   3     113       9     121      99      78     141     101      59      61      64      71      74
2030   4      95      11      86      80     119     149     106      60      67      65      67      77
2031   1     100       0      32     116     158     110       0      53      66      61      71     128
2031   2     125       4      91      73      51     102       0      61      60      66      75      68
2031   3     113       9     121      99      78     141     101      59      61      64      71      74
2031   4      95      11      86      80     119     149     106      60      67      65      67      77
2032   1     100       0      32     116     158     110       0      53      66      61      71     128
2032   2     125       4      91      73      51     102       0      61      60      66      75      68
2032   3     113       9     121      99      78     141     101      59      61      64      71      74
2032   4      95      11      86      80     119     149     106      60      67      65      67      77
2033   1     100       0      32     116     158     110       0      53      66      61      71     128
2033   2     125       4      91      73      51     102       0      61      60      66      75      68
2033   3     113       9     121      99      78     141     101      59      61      64      71      74
2033   4      95      11      86      80     119     149     106      60      67      65      67      77
2034   1     100       0      32     116     158     110       0      53      66      61      71     128
2034   2     125       4      91      73      51     102       0      61      60      66      75      68
2034   3     113       9     121      99      78     141     101      59      61      64      71      74
2034   4      95      11      86      80     119     149     106      60      67      65      67      77
2035   1     100       0      32     116     158     110       0      53      66      61      71     128
2035   2     125       4      91      73      51     102       0      61      60      66      75      68
2035   3     113       9     121      99      78     141     101      59      61      64      71      74
2035   4      95      11      86      80     119     149     106      60      67      65      67      77
2036   1     100       0      32     116     158     110       0      53      66      61      71     128
2036   2     125       4      91      73      51     102       0      61      60      66      75      68
2036   3     113       9     121      99      78     141     101      59      61      64      71      74
2036   4      95      11      86      80     119     149     106      60      67      65      67      77
2037   1     100       0      32     116     158     110       0      53      66      61      71     128
2037   2     125       4      91      73      51     102       0      61      60      66      75      68
2037   3     113       9     121      99      78     141     101      59      61      64      71      74
2037   4      95      11      86      80     119     149     106      60      67      65      67      77
2038   1     100       0      32     116     158     110       0      53      66      61      71     128
2038   2     125       4      91      73      51     102       0      61      60      66      75      68
2038   3     113       9     121      99      78     141     101      59      61      64      71      74
2038   4      95      11      86      80     119     149     106      60      67      65      67      77
2039   1     100       0      32     116     158     110       0      53      66      61      71     128
2039   2     125       4      91      73      51     102       0      61      60      66      75      68
2039   3     113       9     121      99      78     141     101      59      61      64      71      74
2039   4      95      11      86      80     119     149     106      60      67      65      67      77
****   8.3288 105 TELES PIRES  :>: H: 229                                                                                                                                                                                                                                                                                                                                                                                                                                                                                                                                                                                                                                                                                                                                                                                                                                                                                                                                                                                                                                                           
A~no Blk ......1 ......2 ......3 ......4 ......5 ......6 ......7 ......8 ......9 .....10 .....11 .....12
2025   1    1022    1505    1799    1301    1029     441     374     133     185     221     303     342
2025   2     853    1064    1679    1081     969     488     373     136     136     182     252     276
2025   3     843    1015    1327    1064     938     515     373     145      98     188     258     286
2025   4     759     802     768     903     678     452     368     130      34     188     254     295
2026   1    1022    1505    1799    1301    1029     441     374     133     185     221     303     342
2026   2     853    1064    1679    1081     969     488     373     136     136     182     252     276
2026   3     843    1015    1327    1064     938     515     373     145      98     188     258     286
2026   4     759     802     768     903     678     452     368     130      34     188     254     295
2027   1    1022    1505    1799    1301    1029     441     374     133     185     221     303     342
2027   2     853    1064    1679    1081     969     488     373     136     136     182     252     276
2027   3     843    1015    1327    1064     938     515     373     145      98     188     258     286
2027   4     759     802     768     903     678     452     368     130      34     188     254     295
2028   1    1022    1505    1799    1301    1029     441     374     133     185     221     303     342
2028   2     853    1064    1679    1081     969     488     373     136     136     182     252     276
2028   3     843    1015    1327    1064     938     515     373     145      98     188     258     286
2028   4     759     802     768     903     678     452     368     130      34     188     254     295
2029   1    1022    1505    1799    1301    1029     441     374     133     185     221     303     342
2029   2     853    1064    1679    1081     969     488     373     136     136     182     252     276
2029   3     843    1015    1327    1064     938     515     373     145      98     188     258     286
2029   4     759     802     768     903     678     452     368     130      34     188     254     295
2030   1    1022    1505    1799    1301    1029     441     374     133     185     221     303     342
2030   2     853    1064    1679    1081     969     488     373     136     136     182     252     276
2030   3     843    1015    1327    1064     938     515     373     145      98     188     258     286
2030   4     759     802     768     903     678     452     368     130      34     188     254     295
2031   1    1022    1505    1799    1301    1029     441     374     133     185     221     303     342
2031   2     853    1064    1679    1081     969     488     373     136     136     182     252     276
2031   3     843    1015    1327    1064     938     515     373     145      98     188     258     286
2031   4     759     802     768     903     678     452     368     130      34     188     254     295
2032   1    1022    1505    1799    1301    1029     441     374     133     185     221     303     342
2032   2     853    1064    1679    1081     969     488     373     136     136     182     252     276
2032   3     843    1015    1327    1064     938     515     373     145      98     188     258     286
2032   4     759     802     768     903     678     452     368     130      34     188     254     295
2033   1    1022    1505    1799    1301    1029     441     374     133     185     221     303     342
2033   2     853    1064    1679    1081     969     488     373     136     136     182     252     276
2033   3     843    1015    1327    1064     938     515     373     145      98     188     258     286
2033   4     759     802     768     903     678     452     368     130      34     188     254     295
2034   1    1022    1505    1799    1301    1029     441     374     133     185     221     303     342
2034   2     853    1064    1679    1081     969     488     373     136     136     182     252     276
2034   3     843    1015    1327    1064     938     515     373     145      98     188     258     286
2034   4     759     802     768     903     678     452     368     130      34     188     254     295
2035   1    1022    1505    1799    1301    1029     441     374     133     185     221     303     342
2035   2     853    1064    1679    1081     969     488     373     136     136     182     252     276
2035   3     843    1015    1327    1064     938     515     373     145      98     188     258     286
2035   4     759     802     768     903     678     452     368     130      34     188     254     295
2036   1    1022    1505    1799    1301    1029     441     374     133     185     221     303     342
2036   2     853    1064    1679    1081     969     488     373     136     136     182     252     276
2036   3     843    1015    1327    1064     938     515     373     145      98     188     258     286
2036   4     759     802     768     903     678     452     368     130      34     188     254     295
2037   1    1022    1505    1799    1301    1029     441     374     133     185     221     303     342
2037   2     853    1064    1679    1081     969     488     373     136     136     182     252     276
2037   3     843    1015    1327    1064     938     515     373     145      98     188     258     286
2037   4     759     802     768     903     678     452     368     130      34     188     254     295
2038   1    1022    1505    1799    1301    1029     441     374     133     185     221     303     342
2038   2     853    1064    1679    1081     969     488     373     136     136     182     252     276
2038   3     843    1015    1327    1064     938     515     373     145      98     188     258     286
2038   4     759     802     768     903     678     452     368     130      34     188     254     295
2039   1    1022    1505    1799    1301    1029     441     374     133     185     221     303     342
2039   2     853    1064    1679    1081     969     488     373     136     136     182     252     276
2039   3     843    1015    1327    1064     938     515     373     145      98     188     258     286
2039   4     759     802     768     903     678     452     368     130      34     188     254     295
****   8.3288 106 SAO MANOEL   :>: H: 230                                                                                                                                                                                                                                                                                                                                                                                                                                                                                                                                                                                                                                                                                                                                                                                                                                                                                                                                                                                                                                                           
A~no Blk ......1 ......2 ......3 ......4 ......5 ......6 ......7 ......8 ......9 .....10 .....11 .....12
2025   1     450     350     664     553     397     224     176     109      91     114     120     187
2025   2     354     350     441     446     436     250     166     101      74      92     112     131
2025   3     391     285     412     416     373     223     176      93      69      79     127     128
2025   4     362     230     279     333     160     181     137      95      72      75      91     135
2026   1     450     350     664     553     397     224     176     109      91     114     120     187
2026   2     354     350     441     446     436     250     166     101      74      92     112     131
2026   3     391     285     412     416     373     223     176      93      69      79     127     128
2026   4     362     230     279     333     160     181     137      95      72      75      91     135
2027   1     450     350     664     553     397     224     176     109      91     114     120     187
2027   2     354     350     441     446     436     250     166     101      74      92     112     131
2027   3     391     285     412     416     373     223     176      93      69      79     127     128
2027   4     362     230     279     333     160     181     137      95      72      75      91     135
2028   1     450     350     664     553     397     224     176     109      91     114     120     187
2028   2     354     350     441     446     436     250     166     101      74      92     112     131
2028   3     391     285     412     416     373     223     176      93      69      79     127     128
2028   4     362     230     279     333     160     181     137      95      72      75      91     135
2029   1     450     350     664     553     397     224     176     109      91     114     120     187
2029   2     354     350     441     446     436     250     166     101      74      92     112     131
2029   3     391     285     412     416     373     223     176      93      69      79     127     128
2029   4     362     230     279     333     160     181     137      95      72      75      91     135
2030   1     450     350     664     553     397     224     176     109      91     114     120     187
2030   2     354     350     441     446     436     250     166     101      74      92     112     131
2030   3     391     285     412     416     373     223     176      93      69      79     127     128
2030   4     362     230     279     333     160     181     137      95      72      75      91     135
2031   1     450     350     664     553     397     224     176     109      91     114     120     187
2031   2     354     350     441     446     436     250     166     101      74      92     112     131
2031   3     391     285     412     416     373     223     176      93      69      79     127     128
2031   4     362     230     279     333     160     181     137      95      72      75      91     135
2032   1     450     350     664     553     397     224     176     109      91     114     120     187
2032   2     354     350     441     446     436     250     166     101      74      92     112     131
2032   3     391     285     412     416     373     223     176      93      69      79     127     128
2032   4     362     230     279     333     160     181     137      95      72      75      91     135
2033   1     450     350     664     553     397     224     176     109      91     114     120     187
2033   2     354     350     441     446     436     250     166     101      74      92     112     131
2033   3     391     285     412     416     373     223     176      93      69      79     127     128
2033   4     362     230     279     333     160     181     137      95      72      75      91     135
2034   1     450     350     664     553     397     224     176     109      91     114     120     187
2034   2     354     350     441     446     436     250     166     101      74      92     112     131
2034   3     391     285     412     416     373     223     176      93      69      79     127     128
2034   4     362     230     279     333     160     181     137      95      72      75      91     135
2035   1     450     350     664     553     397     224     176     109      91     114     120     187
2035   2     354     350     441     446     436     250     166     101      74      92     112     131
2035   3     391     285     412     416     373     223     176      93      69      79     127     128
2035   4     362     230     279     333     160     181     137      95      72      75      91     135
2036   1     450     350     664     553     397     224     176     109      91     114     120     187
2036   2     354     350     441     446     436     250     166     101      74      92     112     131
2036   3     391     285     412     416     373     223     176      93      69      79     127     128
2036   4     362     230     279     333     160     181     137      95      72      75      91     135
2037   1     450     350     664     553     397     224     176     109      91     114     120     187
2037   2     354     350     441     446     436     250     166     101      74      92     112     131
2037   3     391     285     412     416     373     223     176      93      69      79     127     128
2037   4     362     230     279     333     160     181     137      95      72      75      91     135
2038   1     450     350     664     553     397     224     176     109      91     114     120     187
2038   2     354     350     441     446     436     250     166     101      74      92     112     131
2038   3     391     285     412     416     373     223     176      93      69      79     127     128
2038   4     362     230     279     333     160     181     137      95      72      75      91     135
2039   1     450     350     664     553     397     224     176     109      91     114     120     187
2039   2     354     350     441     446     436     250     166     101      74      92     112     131
2039   3     391     285     412     416     373     223     176      93      69      79     127     128
2039   4     362     230     279     333     160     181     137      95      72      75      91     135
