****   8.3288  90 ITAPEBI      :>: H: 154                                                                                                                                                                                                                                                                                                                                                                                                                                                                                                                                                                                                                                                                                                                                                                                                                                                                                                                                                                                                                                                           
A~no Blk ......1 ......2 ......3 ......4 ......5 ......6 ......7 ......8 ......9 .....10 .....11 .....12
2025   1      93      48      98     127       0       0      31       0       0      34      94     125
2025   2      35      66      43      49      27       4      12      12       5      31      99     128
2025   3      10      25       7      16       0       0       0       0       0       1      16      69
2025   4       3       7       0       4       0       0       0       0       0       0      43      47
2026   1      93      48      98     127       0       0      31       0       0      34      94     125
2026   2      35      66      43      49      27       4      12      12       5      31      99     128
2026   3      10      25       7      16       0       0       0       0       0       1      16      69
2026   4       3       7       0       4       0       0       0       0       0       0      43      47
2027   1      93      48      98     127       0       0      31       0       0      34      94     125
2027   2      35      66      43      49      27       4      12      12       5      31      99     128
2027   3      10      25       7      16       0       0       0       0       0       1      16      69
2027   4       3       7       0       4       0       0       0       0       0       0      43      47
2028   1      93      48      98     127       0       0      31       0       0      34      94     125
2028   2      35      66      43      49      27       4      12      12       5      31      99     128
2028   3      10      25       7      16       0       0       0       0       0       1      16      69
2028   4       3       7       0       4       0       0       0       0       0       0      43      47
2029   1      93      48      98     127       0       0      31       0       0      34      94     125
2029   2      35      66      43      49      27       4      12      12       5      31      99     128
2029   3      10      25       7      16       0       0       0       0       0       1      16      69
2029   4       3       7       0       4       0       0       0       0       0       0      43      47
2030   1      93      48      98     127       0       0      31       0       0      34      94     125
2030   2      35      66      43      49      27       4      12      12       5      31      99     128
2030   3      10      25       7      16       0       0       0       0       0       1      16      69
2030   4       3       7       0       4       0       0       0       0       0       0      43      47
2031   1      93      48      98     127       0       0      31       0       0      34      94     125
2031   2      35      66      43      49      27       4      12      12       5      31      99     128
2031   3      10      25       7      16       0       0       0       0       0       1      16      69
2031   4       3       7       0       4       0       0       0       0       0       0      43      47
2032   1      93      48      98     127       0       0      31       0       0      34      94     125
2032   2      35      66      43      49      27       4      12      12       5      31      99     128
2032   3      10      25       7      16       0       0       0       0       0       1      16      69
2032   4       3       7       0       4       0       0       0       0       0       0      43      47
2033   1      93      48      98     127       0       0      31       0       0      34      94     125
2033   2      35      66      43      49      27       4      12      12       5      31      99     128
2033   3      10      25       7      16       0       0       0       0       0       1      16      69
2033   4       3       7       0       4       0       0       0       0       0       0      43      47
2034   1      93      48      98     127       0       0      31       0       0      34      94     125
2034   2      35      66      43      49      27       4      12      12       5      31      99     128
2034   3      10      25       7      16       0       0       0       0       0       1      16      69
2034   4       3       7       0       4       0       0       0       0       0       0      43      47
2035   1      93      48      98     127       0       0      31       0       0      34      94     125
2035   2      35      66      43      49      27       4      12      12       5      31      99     128
2035   3      10      25       7      16       0       0       0       0       0       1      16      69
2035   4       3       7       0       4       0       0       0       0       0       0      43      47
2036   1      93      48      98     127       0       0      31       0       0      34      94     125
2036   2      35      66      43      49      27       4      12      12       5      31      99     128
2036   3      10      25       7      16       0       0       0       0       0       1      16      69
2036   4       3       7       0       4       0       0       0       0       0       0      43      47
2037   1      93      48      98     127       0       0      31       0       0      34      94     125
2037   2      35      66      43      49      27       4      12      12       5      31      99     128
2037   3      10      25       7      16       0       0       0       0       0       1      16      69
2037   4       3       7       0       4       0       0       0       0       0       0      43      47
2038   1      93      48      98     127       0       0      31       0       0      34      94     125
2038   2      35      66      43      49      27       4      12      12       5      31      99     128
2038   3      10      25       7      16       0       0       0       0       0       1      16      69
2038   4       3       7       0       4       0       0       0       0       0       0      43      47
2039   1      93      48      98     127       0       0      31       0       0      34      94     125
2039   2      35      66      43      49      27       4      12      12       5      31      99     128
2039   3      10      25       7      16       0       0       0       0       0       1      16      69
2039   4       3       7       0       4       0       0       0       0       0       0      43      47
****   8.3288  91 SOBRADINHO   :>: H: 169                                                                                                                                                                                                                                                                                                                                                                                                                                                                                                                                                                                                                                                                                                                                                                                                                                                                                                                                                                                                                                                           
A~no Blk ......1 ......2 ......3 ......4 ......5 ......6 ......7 ......8 ......9 .....10 .....11 .....12
2025   1     220     163     161     161     215     149     156     150     156     156     153     157
2025   2     218     174     161     165     231     154     155     153     154     157     154     162
2025   3     224     186     161     164     233     154     154     152     155     156     154     161
2025   4     198     172     162     166     238     152     153     150     152     157     155     161
2026   1     220     163     161     161     215     149     156     150     156     156     153     157
2026   2     218     174     161     165     231     154     155     153     154     157     154     162
2026   3     224     186     161     164     233     154     154     152     155     156     154     161
2026   4     198     172     162     166     238     152     153     150     152     157     155     161
2027   1     220     163     161     161     215     149     156     150     156     156     153     157
2027   2     218     174     161     165     231     154     155     153     154     157     154     162
2027   3     224     186     161     164     233     154     154     152     155     156     154     161
2027   4     198     172     162     166     238     152     153     150     152     157     155     161
2028   1     220     163     161     161     215     149     156     150     156     156     153     157
2028   2     218     174     161     165     231     154     155     153     154     157     154     162
2028   3     224     186     161     164     233     154     154     152     155     156     154     161
2028   4     198     172     162     166     238     152     153     150     152     157     155     161
2029   1     220     163     161     161     215     149     156     150     156     156     153     157
2029   2     218     174     161     165     231     154     155     153     154     157     154     162
2029   3     224     186     161     164     233     154     154     152     155     156     154     161
2029   4     198     172     162     166     238     152     153     150     152     157     155     161
2030   1     220     163     161     161     215     149     156     150     156     156     153     157
2030   2     218     174     161     165     231     154     155     153     154     157     154     162
2030   3     224     186     161     164     233     154     154     152     155     156     154     161
2030   4     198     172     162     166     238     152     153     150     152     157     155     161
2031   1     220     163     161     161     215     149     156     150     156     156     153     157
2031   2     218     174     161     165     231     154     155     153     154     157     154     162
2031   3     224     186     161     164     233     154     154     152     155     156     154     161
2031   4     198     172     162     166     238     152     153     150     152     157     155     161
2032   1     220     163     161     161     215     149     156     150     156     156     153     157
2032   2     218     174     161     165     231     154     155     153     154     157     154     162
2032   3     224     186     161     164     233     154     154     152     155     156     154     161
2032   4     198     172     162     166     238     152     153     150     152     157     155     161
2033   1     220     163     161     161     215     149     156     150     156     156     153     157
2033   2     218     174     161     165     231     154     155     153     154     157     154     162
2033   3     224     186     161     164     233     154     154     152     155     156     154     161
2033   4     198     172     162     166     238     152     153     150     152     157     155     161
2034   1     220     163     161     161     215     149     156     150     156     156     153     157
2034   2     218     174     161     165     231     154     155     153     154     157     154     162
2034   3     224     186     161     164     233     154     154     152     155     156     154     161
2034   4     198     172     162     166     238     152     153     150     152     157     155     161
2035   1     220     163     161     161     215     149     156     150     156     156     153     157
2035   2     218     174     161     165     231     154     155     153     154     157     154     162
2035   3     224     186     161     164     233     154     154     152     155     156     154     161
2035   4     198     172     162     166     238     152     153     150     152     157     155     161
2036   1     220     163     161     161     215     149     156     150     156     156     153     157
2036   2     218     174     161     165     231     154     155     153     154     157     154     162
2036   3     224     186     161     164     233     154     154     152     155     156     154     161
2036   4     198     172     162     166     238     152     153     150     152     157     155     161
2037   1     220     163     161     161     215     149     156     150     156     156     153     157
2037   2     218     174     161     165     231     154     155     153     154     157     154     162
2037   3     224     186     161     164     233     154     154     152     155     156     154     161
2037   4     198     172     162     166     238     152     153     150     152     157     155     161
2038   1     220     163     161     161     215     149     156     150     156     156     153     157
2038   2     218     174     161     165     231     154     155     153     154     157     154     162
2038   3     224     186     161     164     233     154     154     152     155     156     154     161
2038   4     198     172     162     166     238     152     153     150     152     157     155     161
2039   1     220     163     161     161     215     149     156     150     156     156     153     157
2039   2     218     174     161     165     231     154     155     153     154     157     154     162
2039   3     224     186     161     164     233     154     154     152     155     156     154     161
2039   4     198     172     162     166     238     152     153     150     152     157     155     161
****   8.3288  92 ITAPARICA    :>: H: 172                                                                                                                                                                                                                                                                                                                                                                                                                                                                                                                                                                                                                                                                                                                                                                                                                                                                                                                                                                                                                                                           
A~no Blk ......1 ......2 ......3 ......4 ......5 ......6 ......7 ......8 ......9 .....10 .....11 .....12
2025   1     366     361     382     382     364     306     389     360     358     359     367     257
2025   2     325     291     307     328     354     244     247     237     255     210     208     232
2025   3     194     204     195     213     310     182     182     181     182     181     184     201
2025   4     186     184     185     194     236     182     189     181     195     182     192     187
2026   1     366     361     382     382     364     306     389     360     358     359     367     257
2026   2     325     291     307     328     354     244     247     237     255     210     208     232
2026   3     194     204     195     213     310     182     182     181     182     181     184     201
2026   4     186     184     185     194     236     182     189     181     195     182     192     187
2027   1     366     361     382     382     364     306     389     360     358     359     367     257
2027   2     325     291     307     328     354     244     247     237     255     210     208     232
2027   3     194     204     195     213     310     182     182     181     182     181     184     201
2027   4     186     184     185     194     236     182     189     181     195     182     192     187
2028   1     366     361     382     382     364     306     389     360     358     359     367     257
2028   2     325     291     307     328     354     244     247     237     255     210     208     232
2028   3     194     204     195     213     310     182     182     181     182     181     184     201
2028   4     186     184     185     194     236     182     189     181     195     182     192     187
2029   1     366     361     382     382     364     306     389     360     358     359     367     257
2029   2     325     291     307     328     354     244     247     237     255     210     208     232
2029   3     194     204     195     213     310     182     182     181     182     181     184     201
2029   4     186     184     185     194     236     182     189     181     195     182     192     187
2030   1     366     361     382     382     364     306     389     360     358     359     367     257
2030   2     325     291     307     328     354     244     247     237     255     210     208     232
2030   3     194     204     195     213     310     182     182     181     182     181     184     201
2030   4     186     184     185     194     236     182     189     181     195     182     192     187
2031   1     366     361     382     382     364     306     389     360     358     359     367     257
2031   2     325     291     307     328     354     244     247     237     255     210     208     232
2031   3     194     204     195     213     310     182     182     181     182     181     184     201
2031   4     186     184     185     194     236     182     189     181     195     182     192     187
2032   1     366     361     382     382     364     306     389     360     358     359     367     257
2032   2     325     291     307     328     354     244     247     237     255     210     208     232
2032   3     194     204     195     213     310     182     182     181     182     181     184     201
2032   4     186     184     185     194     236     182     189     181     195     182     192     187
2033   1     366     361     382     382     364     306     389     360     358     359     367     257
2033   2     325     291     307     328     354     244     247     237     255     210     208     232
2033   3     194     204     195     213     310     182     182     181     182     181     184     201
2033   4     186     184     185     194     236     182     189     181     195     182     192     187
2034   1     366     361     382     382     364     306     389     360     358     359     367     257
2034   2     325     291     307     328     354     244     247     237     255     210     208     232
2034   3     194     204     195     213     310     182     182     181     182     181     184     201
2034   4     186     184     185     194     236     182     189     181     195     182     192     187
2035   1     366     361     382     382     364     306     389     360     358     359     367     257
2035   2     325     291     307     328     354     244     247     237     255     210     208     232
2035   3     194     204     195     213     310     182     182     181     182     181     184     201
2035   4     186     184     185     194     236     182     189     181     195     182     192     187
2036   1     366     361     382     382     364     306     389     360     358     359     367     257
2036   2     325     291     307     328     354     244     247     237     255     210     208     232
2036   3     194     204     195     213     310     182     182     181     182     181     184     201
2036   4     186     184     185     194     236     182     189     181     195     182     192     187
2037   1     366     361     382     382     364     306     389     360     358     359     367     257
2037   2     325     291     307     328     354     244     247     237     255     210     208     232
2037   3     194     204     195     213     310     182     182     181     182     181     184     201
2037   4     186     184     185     194     236     182     189     181     195     182     192     187
2038   1     366     361     382     382     364     306     389     360     358     359     367     257
2038   2     325     291     307     328     354     244     247     237     255     210     208     232
2038   3     194     204     195     213     310     182     182     181     182     181     184     201
2038   4     186     184     185     194     236     182     189     181     195     182     192     187
2039   1     366     361     382     382     364     306     389     360     358     359     367     257
2039   2     325     291     307     328     354     244     247     237     255     210     208     232
2039   3     194     204     195     213     310     182     182     181     182     181     184     201
2039   4     186     184     185     194     236     182     189     181     195     182     192     187
****   8.3288  93 COMP PAF-MOX :>: H: 176                                                                                                                                                                                                                                                                                                                                                                                                                                                                                                                                                                                                                                                                                                                                                                                                                                                                                                                                                                                                                                                           
A~no Blk ......1 ......2 ......3 ......4 ......5 ......6 ......7 ......8 ......9 .....10 .....11 .....12
2025   1    1051     811     865     775    1160     597     617     573     571     574     566     703
2025   2     629     615     587     626     671     576     588     588     600     579     578     573
2025   3     582     548     567     580     592     541     554     523     555     562     549     523
2025   4     568     380     484     557     599     489     393     406     413     547     448     553
2026   1    1051     811     865     775    1160     597     617     573     571     574     566     703
2026   2     629     615     587     626     671     576     588     588     600     579     578     573
2026   3     582     548     567     580     592     541     554     523     555     562     549     523
2026   4     568     380     484     557     599     489     393     406     413     547     448     553
2027   1    1051     811     865     775    1160     597     617     573     571     574     566     703
2027   2     629     615     587     626     671     576     588     588     600     579     578     573
2027   3     582     548     567     580     592     541     554     523     555     562     549     523
2027   4     568     380     484     557     599     489     393     406     413     547     448     553
2028   1    1051     811     865     775    1160     597     617     573     571     574     566     703
2028   2     629     615     587     626     671     576     588     588     600     579     578     573
2028   3     582     548     567     580     592     541     554     523     555     562     549     523
2028   4     568     380     484     557     599     489     393     406     413     547     448     553
2029   1    1051     811     865     775    1160     597     617     573     571     574     566     703
2029   2     629     615     587     626     671     576     588     588     600     579     578     573
2029   3     582     548     567     580     592     541     554     523     555     562     549     523
2029   4     568     380     484     557     599     489     393     406     413     547     448     553
2030   1    1051     811     865     775    1160     597     617     573     571     574     566     703
2030   2     629     615     587     626     671     576     588     588     600     579     578     573
2030   3     582     548     567     580     592     541     554     523     555     562     549     523
2030   4     568     380     484     557     599     489     393     406     413     547     448     553
2031   1    1051     811     865     775    1160     597     617     573     571     574     566     703
2031   2     629     615     587     626     671     576     588     588     600     579     578     573
2031   3     582     548     567     580     592     541     554     523     555     562     549     523
2031   4     568     380     484     557     599     489     393     406     413     547     448     553
2032   1    1051     811     865     775    1160     597     617     573     571     574     566     703
2032   2     629     615     587     626     671     576     588     588     600     579     578     573
2032   3     582     548     567     580     592     541     554     523     555     562     549     523
2032   4     568     380     484     557     599     489     393     406     413     547     448     553
2033   1    1051     811     865     775    1160     597     617     573     571     574     566     703
2033   2     629     615     587     626     671     576     588     588     600     579     578     573
2033   3     582     548     567     580     592     541     554     523     555     562     549     523
2033   4     568     380     484     557     599     489     393     406     413     547     448     553
2034   1    1051     811     865     775    1160     597     617     573     571     574     566     703
2034   2     629     615     587     626     671     576     588     588     600     579     578     573
2034   3     582     548     567     580     592     541     554     523     555     562     549     523
2034   4     568     380     484     557     599     489     393     406     413     547     448     553
2035   1    1051     811     865     775    1160     597     617     573     571     574     566     703
2035   2     629     615     587     626     671     576     588     588     600     579     578     573
2035   3     582     548     567     580     592     541     554     523     555     562     549     523
2035   4     568     380     484     557     599     489     393     406     413     547     448     553
2036   1    1051     811     865     775    1160     597     617     573     571     574     566     703
2036   2     629     615     587     626     671     576     588     588     600     579     578     573
2036   3     582     548     567     580     592     541     554     523     555     562     549     523
2036   4     568     380     484     557     599     489     393     406     413     547     448     553
2037   1    1051     811     865     775    1160     597     617     573     571     574     566     703
2037   2     629     615     587     626     671     576     588     588     600     579     578     573
2037   3     582     548     567     580     592     541     554     523     555     562     549     523
2037   4     568     380     484     557     599     489     393     406     413     547     448     553
2038   1    1051     811     865     775    1160     597     617     573     571     574     566     703
2038   2     629     615     587     626     671     576     588     588     600     579     578     573
2038   3     582     548     567     580     592     541     554     523     555     562     549     523
2038   4     568     380     484     557     599     489     393     406     413     547     448     553
2039   1    1051     811     865     775    1160     597     617     573     571     574     566     703
2039   2     629     615     587     626     671     576     588     588     600     579     578     573
2039   3     582     548     567     580     592     541     554     523     555     562     549     523
2039   4     568     380     484     557     599     489     393     406     413     547     448     553
****   8.3288  94 XINGO        :>: H: 178                                                                                                                                                                                                                                                                                                                                                                                                                                                                                                                                                                                                                                                                                                                                                                                                                                                                                                                                                                                                                                                           
A~no Blk ......1 ......2 ......3 ......4 ......5 ......6 ......7 ......8 ......9 .....10 .....11 .....12
2025   1    1040     820     774     922    1211     789     680     765     766     845     761     781
2025   2     847     785     791     846     827     605     596     601     667     623     631     724
2025   3     813     773     774     768     791     515     519     530     523     516     519     642
2025   4     789     772     761     758     796     515     514     513     515     522     513     673
2026   1    1040     820     774     922    1211     789     680     765     766     845     761     781
2026   2     847     785     791     846     827     605     596     601     667     623     631     724
2026   3     813     773     774     768     791     515     519     530     523     516     519     642
2026   4     789     772     761     758     796     515     514     513     515     522     513     673
2027   1    1040     820     774     922    1211     789     680     765     766     845     761     781
2027   2     847     785     791     846     827     605     596     601     667     623     631     724
2027   3     813     773     774     768     791     515     519     530     523     516     519     642
2027   4     789     772     761     758     796     515     514     513     515     522     513     673
2028   1    1040     820     774     922    1211     789     680     765     766     845     761     781
2028   2     847     785     791     846     827     605     596     601     667     623     631     724
2028   3     813     773     774     768     791     515     519     530     523     516     519     642
2028   4     789     772     761     758     796     515     514     513     515     522     513     673
2029   1    1040     820     774     922    1211     789     680     765     766     845     761     781
2029   2     847     785     791     846     827     605     596     601     667     623     631     724
2029   3     813     773     774     768     791     515     519     530     523     516     519     642
2029   4     789     772     761     758     796     515     514     513     515     522     513     673
2030   1    1040     820     774     922    1211     789     680     765     766     845     761     781
2030   2     847     785     791     846     827     605     596     601     667     623     631     724
2030   3     813     773     774     768     791     515     519     530     523     516     519     642
2030   4     789     772     761     758     796     515     514     513     515     522     513     673
2031   1    1040     820     774     922    1211     789     680     765     766     845     761     781
2031   2     847     785     791     846     827     605     596     601     667     623     631     724
2031   3     813     773     774     768     791     515     519     530     523     516     519     642
2031   4     789     772     761     758     796     515     514     513     515     522     513     673
2032   1    1040     820     774     922    1211     789     680     765     766     845     761     781
2032   2     847     785     791     846     827     605     596     601     667     623     631     724
2032   3     813     773     774     768     791     515     519     530     523     516     519     642
2032   4     789     772     761     758     796     515     514     513     515     522     513     673
2033   1    1040     820     774     922    1211     789     680     765     766     845     761     781
2033   2     847     785     791     846     827     605     596     601     667     623     631     724
2033   3     813     773     774     768     791     515     519     530     523     516     519     642
2033   4     789     772     761     758     796     515     514     513     515     522     513     673
2034   1    1040     820     774     922    1211     789     680     765     766     845     761     781
2034   2     847     785     791     846     827     605     596     601     667     623     631     724
2034   3     813     773     774     768     791     515     519     530     523     516     519     642
2034   4     789     772     761     758     796     515     514     513     515     522     513     673
2035   1    1040     820     774     922    1211     789     680     765     766     845     761     781
2035   2     847     785     791     846     827     605     596     601     667     623     631     724
2035   3     813     773     774     768     791     515     519     530     523     516     519     642
2035   4     789     772     761     758     796     515     514     513     515     522     513     673
2036   1    1040     820     774     922    1211     789     680     765     766     845     761     781
2036   2     847     785     791     846     827     605     596     601     667     623     631     724
2036   3     813     773     774     768     791     515     519     530     523     516     519     642
2036   4     789     772     761     758     796     515     514     513     515     522     513     673
2037   1    1040     820     774     922    1211     789     680     765     766     845     761     781
2037   2     847     785     791     846     827     605     596     601     667     623     631     724
2037   3     813     773     774     768     791     515     519     530     523     516     519     642
2037   4     789     772     761     758     796     515     514     513     515     522     513     673
2038   1    1040     820     774     922    1211     789     680     765     766     845     761     781
2038   2     847     785     791     846     827     605     596     601     667     623     631     724
2038   3     813     773     774     768     791     515     519     530     523     516     519     642
2038   4     789     772     761     758     796     515     514     513     515     522     513     673
2039   1    1040     820     774     922    1211     789     680     765     766     845     761     781
2039   2     847     785     791     846     827     605     596     601     667     623     631     724
2039   3     813     773     774     768     791     515     519     530     523     516     519     642
2039   4     789     772     761     758     796     515     514     513     515     522     513     673
****   8.3288  95 P. CAVALO    :>: H: 189                                                                                                                                                                                                                                                                                                                                                                                                                                                                                                                                                                                                                                                                                                                                                                                                                                                                                                                                                                                                                                                           
A~no Blk ......1 ......2 ......3 ......4 ......5 ......6 ......7 ......8 ......9 .....10 .....11 .....12
2025   1       7       0      27     124       0      14      41      38       0       5       0     160
2025   2       2       2      22      43      23       6       6       3       3       3       5      59
2025   3       0       1       1      16       6       0       0       0       0       0       0      47
2025   4       0       0       0       0       0       0       0       0       0       3       0      29
2026   1       7       0      27     124       0      14      41      38       0       5       0     160
2026   2       2       2      22      43      23       6       6       3       3       3       5      59
2026   3       0       1       1      16       6       0       0       0       0       0       0      47
2026   4       0       0       0       0       0       0       0       0       0       3       0      29
2027   1       7       0      27     124       0      14      41      38       0       5       0     160
2027   2       2       2      22      43      23       6       6       3       3       3       5      59
2027   3       0       1       1      16       6       0       0       0       0       0       0      47
2027   4       0       0       0       0       0       0       0       0       0       3       0      29
2028   1       7       0      27     124       0      14      41      38       0       5       0     160
2028   2       2       2      22      43      23       6       6       3       3       3       5      59
2028   3       0       1       1      16       6       0       0       0       0       0       0      47
2028   4       0       0       0       0       0       0       0       0       0       3       0      29
2029   1       7       0      27     124       0      14      41      38       0       5       0     160
2029   2       2       2      22      43      23       6       6       3       3       3       5      59
2029   3       0       1       1      16       6       0       0       0       0       0       0      47
2029   4       0       0       0       0       0       0       0       0       0       3       0      29
2030   1       7       0      27     124       0      14      41      38       0       5       0     160
2030   2       2       2      22      43      23       6       6       3       3       3       5      59
2030   3       0       1       1      16       6       0       0       0       0       0       0      47
2030   4       0       0       0       0       0       0       0       0       0       3       0      29
2031   1       7       0      27     124       0      14      41      38       0       5       0     160
2031   2       2       2      22      43      23       6       6       3       3       3       5      59
2031   3       0       1       1      16       6       0       0       0       0       0       0      47
2031   4       0       0       0       0       0       0       0       0       0       3       0      29
2032   1       7       0      27     124       0      14      41      38       0       5       0     160
2032   2       2       2      22      43      23       6       6       3       3       3       5      59
2032   3       0       1       1      16       6       0       0       0       0       0       0      47
2032   4       0       0       0       0       0       0       0       0       0       3       0      29
2033   1       7       0      27     124       0      14      41      38       0       5       0     160
2033   2       2       2      22      43      23       6       6       3       3       3       5      59
2033   3       0       1       1      16       6       0       0       0       0       0       0      47
2033   4       0       0       0       0       0       0       0       0       0       3       0      29
2034   1       7       0      27     124       0      14      41      38       0       5       0     160
2034   2       2       2      22      43      23       6       6       3       3       3       5      59
2034   3       0       1       1      16       6       0       0       0       0       0       0      47
2034   4       0       0       0       0       0       0       0       0       0       3       0      29
2035   1       7       0      27     124       0      14      41      38       0       5       0     160
2035   2       2       2      22      43      23       6       6       3       3       3       5      59
2035   3       0       1       1      16       6       0       0       0       0       0       0      47
2035   4       0       0       0       0       0       0       0       0       0       3       0      29
2036   1       7       0      27     124       0      14      41      38       0       5       0     160
2036   2       2       2      22      43      23       6       6       3       3       3       5      59
2036   3       0       1       1      16       6       0       0       0       0       0       0      47
2036   4       0       0       0       0       0       0       0       0       0       3       0      29
2037   1       7       0      27     124       0      14      41      38       0       5       0     160
2037   2       2       2      22      43      23       6       6       3       3       3       5      59
2037   3       0       1       1      16       6       0       0       0       0       0       0      47
2037   4       0       0       0       0       0       0       0       0       0       3       0      29
2038   1       7       0      27     124       0      14      41      38       0       5       0     160
2038   2       2       2      22      43      23       6       6       3       3       3       5      59
2038   3       0       1       1      16       6       0       0       0       0       0       0      47
2038   4       0       0       0       0       0       0       0       0       0       3       0      29
2039   1       7       0      27     124       0      14      41      38       0       5       0     160
2039   2       2       2      22      43      23       6       6       3       3       3       5      59
2039   3       0       1       1      16       6       0       0       0       0       0       0      47
2039   4       0       0       0       0       0       0       0       0       0       3       0      29
****   8.3288  96 B. ESPERANCA :>: H: 190                                                                                                                                                                                                                                                                                                                                                                                                                                                                                                                                                                                                                                                                                                                                                                                                                                                                                                                                                                                                                                                           
A~no Blk ......1 ......2 ......3 ......4 ......5 ......6 ......7 ......8 ......9 .....10 .....11 .....12
2025   1      97      98      97     233     101      96      96      96      96     174     205     151
2025   2     100     108      98     206     130      96      96      97      96     135     177     173
2025   3      97      98      98     186     111      96      96      96      96     116     181     144
2025   4      98     103      99     140     110      91      96      96      96      98     161     116
2026   1      97      98      97     233     101      96      96      96      96     174     205     151
2026   2     100     108      98     206     130      96      96      97      96     135     177     173
2026   3      97      98      98     186     111      96      96      96      96     116     181     144
2026   4      98     103      99     140     110      91      96      96      96      98     161     116
2027   1      97      98      97     233     101      96      96      96      96     174     205     151
2027   2     100     108      98     206     130      96      96      97      96     135     177     173
2027   3      97      98      98     186     111      96      96      96      96     116     181     144
2027   4      98     103      99     140     110      91      96      96      96      98     161     116
2028   1      97      98      97     233     101      96      96      96      96     174     205     151
2028   2     100     108      98     206     130      96      96      97      96     135     177     173
2028   3      97      98      98     186     111      96      96      96      96     116     181     144
2028   4      98     103      99     140     110      91      96      96      96      98     161     116
2029   1      97      98      97     233     101      96      96      96      96     174     205     151
2029   2     100     108      98     206     130      96      96      97      96     135     177     173
2029   3      97      98      98     186     111      96      96      96      96     116     181     144
2029   4      98     103      99     140     110      91      96      96      96      98     161     116
2030   1      97      98      97     233     101      96      96      96      96     174     205     151
2030   2     100     108      98     206     130      96      96      97      96     135     177     173
2030   3      97      98      98     186     111      96      96      96      96     116     181     144
2030   4      98     103      99     140     110      91      96      96      96      98     161     116
2031   1      97      98      97     233     101      96      96      96      96     174     205     151
2031   2     100     108      98     206     130      96      96      97      96     135     177     173
2031   3      97      98      98     186     111      96      96      96      96     116     181     144
2031   4      98     103      99     140     110      91      96      96      96      98     161     116
2032   1      97      98      97     233     101      96      96      96      96     174     205     151
2032   2     100     108      98     206     130      96      96      97      96     135     177     173
2032   3      97      98      98     186     111      96      96      96      96     116     181     144
2032   4      98     103      99     140     110      91      96      96      96      98     161     116
2033   1      97      98      97     233     101      96      96      96      96     174     205     151
2033   2     100     108      98     206     130      96      96      97      96     135     177     173
2033   3      97      98      98     186     111      96      96      96      96     116     181     144
2033   4      98     103      99     140     110      91      96      96      96      98     161     116
2034   1      97      98      97     233     101      96      96      96      96     174     205     151
2034   2     100     108      98     206     130      96      96      97      96     135     177     173
2034   3      97      98      98     186     111      96      96      96      96     116     181     144
2034   4      98     103      99     140     110      91      96      96      96      98     161     116
2035   1      97      98      97     233     101      96      96      96      96     174     205     151
2035   2     100     108      98     206     130      96      96      97      96     135     177     173
2035   3      97      98      98     186     111      96      96      96      96     116     181     144
2035   4      98     103      99     140     110      91      96      96      96      98     161     116
2036   1      97      98      97     233     101      96      96      96      96     174     205     151
2036   2     100     108      98     206     130      96      96      97      96     135     177     173
2036   3      97      98      98     186     111      96      96      96      96     116     181     144
2036   4      98     103      99     140     110      91      96      96      96      98     161     116
2037   1      97      98      97     233     101      96      96      96      96     174     205     151
2037   2     100     108      98     206     130      96      96      97      96     135     177     173
2037   3      97      98      98     186     111      96      96      96      96     116     181     144
2037   4      98     103      99     140     110      91      96      96      96      98     161     116
2038   1      97      98      97     233     101      96      96      96      96     174     205     151
2038   2     100     108      98     206     130      96      96      97      96     135     177     173
2038   3      97      98      98     186     111      96      96      96      96     116     181     144
2038   4      98     103      99     140     110      91      96      96      96      98     161     116
2039   1      97      98      97     233     101      96      96      96      96     174     205     151
2039   2     100     108      98     206     130      96      96      97      96     135     177     173
2039   3      97      98      98     186     111      96      96      96      96     116     181     144
2039   4      98     103      99     140     110      91      96      96      96      98     161     116
