NUM:   1 CAMARGOS              Penal: 0          0
A~NO ....1 ....2 ....3 ....4 ....5 ....6 ....7 ....8 ....9 ...10 ...11 ...12
2025     0     0     0     0     0     0     0     0     0     0     0     0
2026   0.2  0.23  0.22  0.41   0.4  0.36  0.36  0.35  0.28  0.23  0.21  0.21
2027  0.21  0.23  0.22  0.42   0.4  0.37  0.36  0.35  0.28  0.24  0.21  0.21
2028  0.21  0.23  0.22  0.43  0.41  0.38  0.37  0.36  0.28  0.24  0.21  0.21
2029  0.21  0.24  0.22  0.43  0.42  0.38  0.37  0.36  0.29  0.24  0.21  0.21
2030  0.21  0.24  0.23  0.44  0.43  0.39  0.38  0.37  0.29  0.25  0.22  0.21
2031  0.21  0.24  0.23  0.45  0.43   0.4  0.38  0.37   0.3  0.25  0.22  0.21
2032  0.21  0.24  0.23  0.46  0.44   0.4  0.39  0.38   0.3  0.25  0.22  0.22
2033  0.22  0.25  0.23  0.47  0.45  0.41   0.4  0.39   0.3  0.25  0.22  0.22
2034  0.22  0.25  0.24  0.47  0.46  0.41   0.4  0.39  0.31  0.26  0.22  0.22
2035  0.22  0.25  0.24  0.48  0.46  0.42  0.41   0.4  0.31  0.26  0.23  0.22
2036  0.22  0.25  0.24  0.49  0.47  0.43  0.42   0.4  0.32  0.26  0.23  0.22
2037  0.22  0.26  0.24   0.5  0.48  0.43  0.42  0.41  0.32  0.26  0.23  0.22
2038  0.22  0.26  0.24   0.5  0.49  0.44  0.43  0.41  0.32  0.27  0.23  0.23
2039  0.23  0.26  0.25  0.51  0.49  0.45  0.43  0.42  0.33  0.27  0.23  0.23
2040     0     0     0     0     0     0     0     0     0     0     0     0
NUM:   2 ITUTINGA              Penal: 0          0
A~NO ....1 ....2 ....3 ....4 ....5 ....6 ....7 ....8 ....9 ...10 ...11 ...12
2025     0     0     0     0     0     0     0     0     0     0     0     0
2026     0     0     0     0     0     0     0     0     0     0     0     0
2027     0     0     0     0     0     0     0     0     0     0     0     0
2028     0     0     0     0     0     0     0     0     0     0     0     0
2029     0     0     0     0     0     0     0     0     0     0     0     0
2030     0     0     0     0     0     0     0     0     0     0     0     0
2031     0     0     0     0     0     0     0     0     0     0     0     0
2032     0     0     0     0     0     0     0     0     0     0     0     0
2033     0     0     0     0     0     0     0     0     0     0     0     0
2034     0     0     0     0     0     0     0     0     0     0     0     0
2035     0     0     0     0     0     0     0     0     0     0     0     0
2036     0     0     0     0     0     0     0     0     0     0     0     0
2037     0     0     0     0     0     0     0     0     0     0     0     0
2038     0     0     0     0     0     0     0     0     0     0     0     0
2039     0     0     0     0     0     0     0     0     0     0     0     0
2040     0     0     0     0     0     0     0     0     0     0     0     0
NUM:   4 FUNIL GRANDE          Penal: 0          0
A~NO ....1 ....2 ....3 ....4 ....5 ....6 ....7 ....8 ....9 ...10 ...11 ...12
2025  0.57   0.6  0.59  1.87  2.06  2.05  2.27  2.37  1.66  0.91  0.58  0.57
2026  0.57  0.61   0.6  1.92  2.11  2.11  2.33  2.43   1.7  0.93  0.58  0.58
2027  0.58  0.62  0.61  1.97  2.16  2.16  2.39  2.49  1.73  0.94  0.59  0.58
2028  0.58  0.62  0.61  2.01  2.22  2.21  2.45  2.56  1.77  0.96  0.59  0.59
2029  0.59  0.63  0.62  2.06  2.27  2.26  2.51  2.62  1.81  0.97   0.6  0.59
2030  0.59  0.63  0.62   2.1  2.32  2.31  2.57  2.68  1.85  0.99   0.6   0.6
2031   0.6  0.64  0.63  2.15  2.37  2.36  2.63  2.75  1.89     1  0.61   0.6
2032   0.6  0.64  0.63   2.2  2.43  2.42  2.69  2.81  1.93  1.02  0.61  0.61
2033  0.61  0.65  0.64  2.25  2.48  2.47  2.75  2.88  1.97  1.03  0.62  0.61
2034  0.61  0.65  0.64  2.29  2.53  2.52  2.81  2.94  2.01  1.05  0.62  0.61
2035  0.61  0.66  0.65  2.34  2.58  2.57  2.87     3  2.05  1.06  0.62  0.62
2036  0.62  0.66  0.65  2.39  2.64  2.63  2.93  3.07  2.09  1.08  0.63  0.62
2037  0.62  0.67  0.65  2.43  2.69  2.68  2.99  3.13  2.13  1.09  0.63  0.62
2038  0.63  0.67  0.66  2.48  2.74  2.73  3.05  3.19  2.17   1.1  0.64  0.63
2039  0.63  0.68  0.66  2.52  2.79  2.78  3.11  3.26  2.21  1.12  0.64  0.63
2040     0     0     0     0     0     0     0     0     0     0     0     0
NUM:   6 FURNAS                Penal: 0          0
A~NO ....1 ....2 ....3 ....4 ....5 ....6 ....7 ....8 ....9 ...10 ...11 ...12
2025  2.95  3.73   3.7  11.3 10.21 10.13 10.75 12.92 10.74  7.26  3.44     3
2026  2.98  3.78  3.76 11.68 10.55 10.46 11.11 13.36 11.09  7.46  3.48  3.03
2027     3  3.84  3.81 12.07 10.88 10.72  11.4 13.79 11.43  7.65  3.52  3.05
2028  3.02  3.86  3.87 12.46 11.24 11.13 11.81 14.24 11.78  7.86  3.57  3.07
2029  3.05  3.95  3.92 12.85 11.58 11.46 12.16 14.68 12.12  8.06  3.61   3.1
2030  3.07     4  3.97 13.24 11.92 11.79 12.51 15.11 12.47  8.25  3.66  3.12
2031  3.09  4.06  4.03 13.63 12.24 12.04 12.79 15.54 12.81  8.45   3.7  3.15
2032  3.12  4.08  4.08 14.02 12.61 12.45 13.21 15.99 13.16  8.65  3.75  3.17
2033  3.14  4.17  4.14 14.41 12.95 12.79 13.57 16.43 13.51  8.85  3.79   3.2
2034  3.17  4.23   4.2 14.81  13.3 13.12 13.92 16.87 13.86  9.05  3.83  3.22
2035  3.19  4.29  4.25  15.2 13.62 13.36  14.2  17.3  14.2  9.24  3.87  3.25
2036  3.22   4.3  4.31 15.59 13.99 13.79 14.62 17.75 14.55  9.45  3.92  3.27
2037  3.24  4.39  4.36 15.98 14.33 14.12 14.98 18.19 14.89  9.65  3.97   3.3
2038  3.26  4.45  4.41 16.37 14.68 14.45 15.33 18.63 15.24  9.84  4.01  3.32
2039  3.28   4.5  4.47 16.76 14.99 14.68 15.59 19.05 15.58 10.03  4.05  3.35
2040     0     0     0     0     0     0     0     0     0     0     0     0
NUM:   7 MASC. MORAES          Penal: 0          0
A~NO ....1 ....2 ....3 ....4 ....5 ....6 ....7 ....8 ....9 ...10 ...11 ...12
2025  0.61  0.63  0.68  1.59  1.55  1.58  1.58   1.8  1.78   1.2  0.75  0.61
2026  0.61  0.64  0.69  1.63  1.58  1.62  1.62  1.84  1.82  1.23  0.76  0.62
2027  0.62  0.65  0.69  1.66  1.62  1.65  1.65  1.87  1.86  1.25  0.77  0.63
2028  0.63  0.65   0.7   1.7  1.65  1.69  1.69  1.92   1.9  1.28  0.78  0.63
2029  0.63  0.66  0.71  1.74  1.69  1.72  1.72  1.96  1.94   1.3   0.8  0.64
2030  0.64  0.67  0.72  1.77  1.72  1.76  1.76  2.01  1.98  1.33  0.81  0.65
2031  0.65  0.67  0.73  1.81  1.76  1.79  1.79  2.04  2.02  1.35  0.82  0.65
2032  0.65  0.68  0.74  1.85   1.8  1.83  1.83  2.09  2.07  1.38  0.83  0.66
2033  0.66  0.69  0.75  1.89  1.83  1.87  1.87  2.13  2.11   1.4  0.84  0.67
2034  0.67   0.7  0.76  1.93  1.87  1.91   1.9  2.18  2.15  1.43  0.85  0.67
2035  0.67   0.7  0.77  1.97   1.9  1.94  1.94  2.21  2.19  1.45  0.86  0.68
2036  0.68  0.71  0.78     2  1.94  1.98  1.98  2.26  2.24  1.48  0.87  0.69
2037  0.69  0.72  0.78  2.04  1.98  2.02  2.01  2.31  2.28   1.5  0.88  0.69
2038  0.69  0.73  0.79  2.08  2.02  2.06  2.05  2.35  2.32  1.53   0.9   0.7
2039   0.7  0.73   0.8  2.12  2.05  2.09  2.08  2.38  2.36  1.55  0.91  0.71
2040     0     0     0     0     0     0     0     0     0     0     0     0
NUM:   8 ESTREITO GDE          Penal: 0          0
A~NO ....1 ....2 ....3 ....4 ....5 ....6 ....7 ....8 ....9 ...10 ...11 ...12
2025   0.1   0.1  0.12  0.29  0.33  0.36  0.35  0.35  0.29  0.19  0.12   0.1
2026   0.1   0.1  0.12   0.3  0.34  0.37  0.36  0.36   0.3  0.19  0.12   0.1
2027   0.1   0.1  0.12  0.31  0.34  0.38  0.37  0.37  0.31  0.19  0.12   0.1
2028   0.1   0.1  0.12  0.31  0.35  0.39  0.38  0.38  0.31   0.2  0.12   0.1
2029   0.1   0.1  0.13  0.32  0.36  0.39  0.38  0.39  0.32   0.2  0.12   0.1
2030   0.1  0.11  0.13  0.33  0.37   0.4  0.39   0.4  0.33   0.2  0.12   0.1
2031   0.1  0.11  0.13  0.33  0.38  0.41   0.4  0.41  0.33  0.21  0.13   0.1
2032   0.1  0.11  0.13  0.34  0.38  0.42  0.41  0.42  0.34  0.21  0.13   0.1
2033   0.1  0.11  0.13  0.35  0.39  0.43  0.42  0.43  0.35  0.21  0.13   0.1
2034   0.1  0.11  0.13  0.35   0.4  0.44  0.43  0.44  0.36  0.22  0.13   0.1
2035   0.1  0.11  0.13  0.36  0.41  0.45  0.44  0.44  0.36  0.22  0.13   0.1
2036   0.1  0.11  0.13  0.37  0.42  0.46  0.45  0.45  0.37  0.22  0.13  0.11
2037  0.11  0.11  0.13  0.38  0.43  0.47  0.46  0.46  0.38  0.23  0.13  0.11
2038  0.11  0.11  0.14  0.38  0.44  0.48  0.47  0.47  0.39  0.23  0.13  0.11
2039  0.11  0.11  0.14  0.39  0.44  0.49  0.48  0.48  0.39  0.23  0.13  0.11
2040     0     0     0     0     0     0     0     0     0     0     0     0
NUM:   9 JAGUARA               Penal: 0          0
A~NO ....1 ....2 ....3 ....4 ....5 ....6 ....7 ....8 ....9 ...10 ...11 ...12
2025  0.02  0.03   0.2  1.12  1.22  1.58  1.72  1.94   1.7   0.8  0.26  0.02
2026  0.02  0.03   0.2  1.16  1.25  1.63  1.77     2  1.75  0.82  0.27  0.02
2027  0.02  0.03  0.21  1.19  1.28  1.67  1.81  2.04   1.8  0.83  0.27  0.02
2028  0.02  0.03  0.21  1.22  1.32  1.72  1.87  2.11  1.85  0.87  0.28  0.02
2029  0.02  0.03  0.22  1.25  1.36  1.76  1.92  2.16  1.89  0.89  0.29  0.02
2030  0.02  0.03  0.22  1.28  1.39  1.81  1.97  2.22  1.94  0.91   0.3  0.02
2031  0.02  0.03  0.23  1.32  1.42  1.86  2.01  2.26  1.99  0.92   0.3  0.02
2032  0.02  0.03  0.23  1.35  1.46   1.9  2.07  2.33  2.04  0.96  0.31  0.02
2033  0.02  0.03  0.24  1.38   1.5  1.95  2.12  2.39  2.09  0.98  0.32  0.02
2034  0.02  0.03  0.24  1.42  1.54     2  2.17  2.45  2.14     1  0.32  0.02
2035  0.02  0.03  0.25  1.45  1.56  2.04  2.21  2.48  2.19  1.01  0.33  0.02
2036  0.02  0.03  0.25  1.48  1.61  2.09  2.27  2.56  2.24  1.05  0.34  0.02
2037  0.02  0.03  0.26  1.51  1.64  2.13  2.32  2.61  2.29  1.07  0.34  0.02
2038  0.02  0.03  0.26  1.55  1.68  2.18  2.37  2.67  2.34  1.09  0.35  0.02
2039  0.02  0.03  0.27  1.58   1.7  2.23  2.41  2.71  2.38   1.1  0.36  0.02
2040     0     0     0     0     0     0     0     0     0     0     0     0
NUM:  10 IGARAPAVA             Penal: 0          0
A~NO ....1 ....2 ....3 ....4 ....5 ....6 ....7 ....8 ....9 ...10 ...11 ...12
2025  0.35  0.35  0.38  0.56  0.59  0.66  0.71  0.74  0.68  0.51  0.39  0.35
2026  0.35  0.36  0.38  0.57   0.6  0.68  0.72  0.75   0.7  0.52  0.39  0.36
2027  0.36  0.36  0.39  0.58  0.61  0.69  0.73  0.77  0.71  0.52   0.4  0.36
2028  0.36  0.36  0.39  0.59  0.62   0.7  0.75  0.78  0.72  0.53   0.4  0.36
2029  0.36  0.37   0.4   0.6  0.63  0.72  0.76   0.8  0.73  0.54   0.4  0.36
2030  0.36  0.37   0.4  0.61  0.64  0.73  0.78  0.81  0.75  0.55  0.41  0.37
2031  0.37  0.37   0.4  0.62  0.65  0.74  0.79  0.82  0.76  0.55  0.41  0.37
2032  0.37  0.37  0.41  0.63  0.66  0.75   0.8  0.84  0.77  0.56  0.42  0.37
2033  0.37  0.38  0.41  0.64  0.67  0.77  0.82  0.86  0.79  0.57  0.42  0.37
2034  0.37  0.38  0.41  0.65  0.68  0.78  0.83  0.87   0.8  0.58  0.42  0.38
2035  0.38  0.38  0.42  0.66  0.69  0.79  0.84  0.88  0.81  0.58  0.43  0.38
2036  0.38  0.39  0.42  0.67   0.7  0.81  0.86   0.9  0.82  0.59  0.43  0.38
2037  0.38  0.39  0.42  0.68  0.72  0.82  0.87  0.92  0.84   0.6  0.44  0.39
2038  0.39  0.39  0.43  0.69  0.73  0.83  0.89  0.93  0.85  0.61  0.44  0.39
2039  0.39  0.39  0.43   0.7  0.74  0.85   0.9  0.94  0.86  0.61  0.44  0.39
2040     0     0     0     0     0     0     0     0     0     0     0     0
NUM:  11 VOLTA GRANDE          Penal: 0          0
A~NO ....1 ....2 ....3 ....4 ....5 ....6 ....7 ....8 ....9 ...10 ...11 ...12
2025  1.09  1.11  1.22  2.04  2.26  2.81  3.04     3  2.55  1.85  1.46  1.11
2026  1.11  1.13  1.24  2.09  2.31  2.87   3.1  3.07   2.6  1.89  1.48  1.12
2027  1.12  1.14  1.25  2.13  2.35  2.92  3.15  3.12  2.65  1.91   1.5  1.13
2028  1.13  1.15  1.27  2.17   2.4  2.99  3.23  3.19  2.71  1.95  1.52  1.14
2029  1.15  1.17  1.29  2.22  2.45  3.05  3.29  3.26  2.76  1.99  1.55  1.16
2030  1.16  1.18   1.3  2.26  2.49  3.11  3.35  3.32  2.81  2.02  1.57  1.17
2031  1.17  1.19  1.32   2.3  2.54  3.16  3.41  3.38  2.87  2.05  1.59  1.18
2032  1.19  1.21  1.34  2.34  2.59  3.23  3.48  3.45  2.92  2.09  1.61   1.2
2033   1.2  1.22  1.36  2.39  2.64  3.29  3.55  3.52  2.98  2.12  1.63  1.21
2034  1.21  1.24  1.37  2.43  2.68  3.35  3.61  3.58  3.03  2.16  1.66  1.23
2035  1.23  1.25  1.39  2.48  2.72   3.4  3.67  3.64  3.09  2.19  1.68  1.24
2036  1.24  1.26  1.41  2.52  2.78  3.47  3.74  3.71  3.14  2.23   1.7  1.25
2037  1.25  1.28  1.43  2.56  2.82  3.53   3.8  3.78   3.2  2.26  1.72  1.27
2038  1.27  1.29  1.45  2.61  2.87  3.59  3.87  3.84  3.25   2.3  1.75  1.28
2039  1.28  1.31  1.46  2.65  2.91  3.64  3.92  3.89  3.31  2.32  1.77  1.29
2040     0     0     0     0     0     0     0     0     0     0     0     0
NUM:  12 P. COLOMBIA           Penal: 0          0
A~NO ....1 ....2 ....3 ....4 ....5 ....6 ....7 ....8 ....9 ...10 ...11 ...12
2025  4.15  4.21  4.31  6.19  7.07  8.79  9.49   8.7  7.06  5.91  5.71  4.19
2026  4.18  4.23  4.34  6.28  7.18  8.94  9.66  8.85  7.17  5.98  5.77  4.21
2027  4.21  4.26  4.37  6.37  7.28  9.09  9.82  8.99  7.27  6.05  5.83  4.24
2028  4.23  4.29   4.4  6.46   7.4  9.25    10  9.15  7.38  6.12   5.9  4.27
2029  4.26  4.32  4.43  6.54  7.51   9.4 10.17   9.3  7.49   6.2  5.96  4.29
2030  4.29  4.34  4.46  6.63  7.61  9.56 10.34  9.45  7.59  6.26  6.02  4.32
2031  4.31  4.37  4.49  6.72  7.72  9.69 10.49  9.59  7.69  6.33  6.09  4.35
2032  4.34   4.4  4.52   6.8  7.82  9.85 10.67  9.74   7.8   6.4  6.15  4.37
2033  4.36  4.43  4.55  6.89  7.93    10 10.83  9.88   7.9  6.47  6.21   4.4
2034  4.39  4.45  4.58  6.97  8.04 10.14    11 10.02     8  6.54  6.27  4.43
2035  4.42  4.48  4.61  7.06  8.14 10.28 11.14 10.16  8.11  6.61  6.34  4.45
2036  4.44  4.51  4.64  7.14  8.25 10.44 11.32 10.31  8.21  6.68   6.4  4.48
2037  4.47  4.54  4.67  7.22  8.35 10.59 11.48 10.46  8.31  6.75  6.46   4.5
2038   4.5  4.56   4.7  7.31  8.45 10.73 11.65  10.6  8.41  6.82  6.52  4.53
2039  4.52  4.59  4.73  7.39  8.56 10.87 11.79 10.73  8.51  6.89  6.58  4.56
2040     0     0     0     0     0     0     0     0     0     0     0     0
NUM:  14 CACONDE               Penal: 0          0
A~NO ....1 ....2 ....3 ....4 ....5 ....6 ....7 ....8 ....9 ...10 ...11 ...12
2025  0.28  0.28  0.28  0.51  0.51  0.52  0.57  0.63  0.55  0.39  0.32  0.28
2026  0.28  0.28  0.28  0.52  0.52  0.53  0.59  0.64  0.56   0.4  0.32  0.28
2027  0.28  0.28  0.28  0.53  0.53  0.54   0.6  0.66  0.57   0.4  0.33  0.28
2028  0.28  0.28  0.29  0.54  0.54  0.55  0.61  0.67  0.58  0.41  0.33  0.29
2029  0.29  0.29  0.29  0.55  0.55  0.56  0.62  0.68  0.59  0.42  0.33  0.29
2030  0.29  0.29  0.29  0.56  0.56  0.57  0.63   0.7   0.6  0.42  0.34  0.29
2031  0.29  0.29  0.29  0.57  0.56  0.58  0.64  0.71  0.61  0.43  0.34  0.29
2032  0.29  0.29   0.3  0.58  0.57  0.59  0.65  0.72  0.62  0.43  0.34   0.3
2033   0.3   0.3   0.3  0.59  0.58   0.6  0.67  0.74  0.63  0.44  0.35   0.3
2034   0.3   0.3   0.3   0.6  0.59  0.61  0.68  0.75  0.64  0.44  0.35   0.3
2035   0.3   0.3   0.3  0.61   0.6  0.62  0.69  0.76  0.65  0.45  0.35   0.3
2036   0.3   0.3  0.31  0.62  0.61  0.63   0.7  0.78  0.66  0.46  0.36   0.3
2037   0.3   0.3  0.31  0.62  0.62  0.63  0.71  0.79  0.68  0.46  0.36  0.31
2038  0.31  0.31  0.31  0.63  0.63  0.64  0.72   0.8  0.69  0.47  0.36  0.31
2039  0.31  0.31  0.31  0.64  0.64  0.65  0.73  0.81   0.7  0.47  0.37  0.31
2040     0     0     0     0     0     0     0     0     0     0     0     0
NUM:  15 EUCLID CUNHA          Penal: 0          0
A~NO ....1 ....2 ....3 ....4 ....5 ....6 ....7 ....8 ....9 ...10 ...11 ...12
2025  0.21  0.21  0.22  0.48  0.52   0.6  0.76  0.83  0.59  0.31  0.24  0.21
2026  0.21  0.21  0.22   0.5  0.53  0.61  0.79  0.85   0.6  0.31  0.24  0.22
2027  0.22  0.22  0.22  0.51  0.54  0.63  0.81  0.87  0.62  0.32  0.24  0.22
2028  0.22  0.22  0.22  0.52  0.56  0.65  0.83   0.9  0.64  0.32  0.25  0.22
2029  0.22  0.22  0.23  0.53  0.57  0.66  0.85  0.92  0.65  0.33  0.25  0.22
2030  0.22  0.22  0.23  0.54  0.58  0.68  0.88  0.95  0.67  0.33  0.25  0.23
2031  0.23  0.23  0.23  0.56   0.6  0.69   0.9  0.97  0.69  0.34  0.26  0.23
2032  0.23  0.23  0.23  0.57  0.61  0.71  0.92     1   0.7  0.35  0.26  0.23
2033  0.23  0.23  0.24  0.58  0.62  0.73  0.95  1.03  0.72  0.35  0.26  0.23
2034  0.23  0.23  0.24  0.59  0.64  0.74  0.97  1.05  0.74  0.36  0.27  0.24
2035  0.24  0.24  0.24   0.6  0.65  0.76  0.99  1.08  0.75  0.36  0.27  0.24
2036  0.24  0.24  0.24  0.62  0.66  0.78  1.02  1.11  0.77  0.37  0.27  0.24
2037  0.24  0.24  0.25  0.63  0.68   0.8  1.04  1.13  0.79  0.37  0.27  0.24
2038  0.24  0.24  0.25  0.64  0.69  0.81  1.06  1.16   0.8  0.38  0.28  0.24
2039  0.24  0.24  0.25  0.65   0.7  0.83  1.09  1.18  0.82  0.39  0.28  0.25
2040     0     0     0     0     0     0     0     0     0     0     0     0
NUM:  16 A.S.OLIVEIRA          Penal: 0          0
A~NO ....1 ....2 ....3 ....4 ....5 ....6 ....7 ....8 ....9 ...10 ...11 ...12
2025  0.01  0.01  0.01  0.12  0.13  0.16  0.21  0.24  0.17  0.05  0.01  0.01
2026  0.01  0.01  0.01  0.13  0.14  0.16  0.22  0.25  0.18  0.06  0.01  0.01
2027  0.01  0.01  0.01  0.13  0.14  0.17  0.23  0.26  0.19  0.06  0.02  0.01
2028  0.01  0.01  0.01  0.13  0.15  0.17  0.24  0.27  0.19  0.06  0.02  0.01
2029  0.01  0.01  0.01  0.14  0.15  0.18  0.25  0.28   0.2  0.06  0.02  0.01
2030  0.01  0.01  0.01  0.14  0.16  0.19  0.25  0.29   0.2  0.06  0.02  0.01
2031  0.01  0.01  0.01  0.15  0.16  0.19  0.26   0.3  0.21  0.06  0.02  0.01
2032  0.01  0.01  0.01  0.15  0.17   0.2  0.27  0.31  0.22  0.07  0.02  0.01
2033  0.01  0.01  0.01  0.16  0.17   0.2  0.28  0.32  0.22  0.07  0.02  0.01
2034  0.01  0.01  0.01  0.16  0.18  0.21  0.29  0.33  0.23  0.07  0.02  0.01
2035  0.01  0.01  0.01  0.17  0.18  0.22   0.3  0.34  0.24  0.07  0.02  0.01
2036  0.01  0.01  0.01  0.17  0.19  0.22   0.3  0.35  0.24  0.07  0.02  0.01
2037  0.01  0.01  0.01  0.18  0.19  0.23  0.31  0.36  0.25  0.08  0.02  0.01
2038  0.01  0.01  0.01  0.18   0.2  0.23  0.32  0.37  0.26  0.08  0.02  0.01
2039  0.01  0.01  0.01  0.18   0.2  0.24  0.33  0.37  0.26  0.08  0.02  0.01
2040     0     0     0     0     0     0     0     0     0     0     0     0
NUM:  17 MARIMBONDO            Penal: 0          0
A~NO ....1 ....2 ....3 ....4 ....5 ....6 ....7 ....8 ....9 ...10 ...11 ...12
2025 12.88 13.05 13.65 26.89 26.98 29.93 35.38 40.36 35.08 23.12 16.58    13
2026 12.96 13.14 13.76 27.45 27.53 30.58 36.22 41.36  35.9 23.53 16.78 13.09
2027 13.04 13.23 13.87    28 28.07 31.19 36.98 42.22  36.6  23.9 16.97 13.17
2028 13.12 13.31 13.97 28.56 28.63 31.87 37.88 43.36 37.54 24.37 17.16 13.25
2029 13.21  13.4 14.08 29.12 29.18 32.52 38.71 44.36 38.36 24.78 17.35 13.33
2030 13.28 13.48 14.18 29.67 29.72 33.15 39.52 45.31 39.11 25.18 17.53 13.41
2031 13.36 13.57 14.29  30.2 30.23 33.72 40.24 46.14 39.81 25.52 17.71  13.5
2032 13.45 13.65 14.39 30.74 30.76 34.38 41.12 47.27 40.75 25.98 17.89 13.58
2033 13.53 13.74 14.49 31.28 31.29 34.99 41.92 48.23 41.54 26.38 18.07 13.66
2034 13.61 13.82 14.59 31.81 31.81  35.6 42.71  49.2 42.34 26.78 18.25 13.75
2035 13.69 13.91  14.7 32.35 32.32 36.17 43.42 49.99 42.98 27.11 18.42 13.83
2036 13.77 13.99  14.8 32.89 32.85 36.83  44.3 51.12 43.92 27.57  18.6 13.91
2037 13.85 14.08  14.9 33.42 33.37 37.43 45.09 52.08 44.71 27.96 18.78 13.98
2038 13.92 14.16 14.99 33.95 33.89 38.04 45.89 53.04  45.5 28.36 18.95 14.06
2039    14 14.24 15.09 34.48 34.39  38.6 46.58 53.81 46.12 28.68 19.12 14.14
2040     0     0     0     0     0     0     0     0     0     0     0     0
NUM:  18 A. VERMELHA           Penal: 0          0
A~NO ....1 ....2 ....3 ....4 ....5 ....6 ....7 ....8 ....9 ...10 ...11 ...12
2025  5.44  5.64  5.89 10.52 11.06  12.5 14.76 16.81 14.72 11.02  8.37  5.77
2026  5.46  5.67  5.93 10.71 11.26 12.75 15.08 17.19 15.03 11.21  8.48   5.8
2027  5.49   5.7  5.97 10.89 11.46 12.98 15.36 17.53  15.3 11.38  8.58  5.84
2028  5.51  5.72  6.01 11.09 11.68 13.26 15.73 17.96 15.64 11.59   8.7  5.87
2029  5.54  5.76  6.05 11.27 11.88 13.52 16.05 18.34 15.95 11.78  8.81   5.9
2030  5.56  5.79  6.08 11.45 12.08 13.76 16.36  18.7 16.21 11.96  8.91  5.94
2031  5.58  5.82  6.12 11.62 12.26 13.95 16.61    19 16.48 12.12  9.01  5.97
2032  5.61  5.85  6.16  11.8 12.46 14.22 16.94  19.4 16.81 12.32  9.12  6.01
2033  5.63  5.89   6.2 11.97 12.65 14.44 17.23 19.75 17.09  12.5  9.22  6.04
2034  5.66  5.92  6.24 12.14 12.84 14.67 17.52 20.09 17.38 12.68  9.33  6.08
2035  5.69  5.95  6.27 12.31 13.02 14.86 17.76 20.39 17.62 12.84  9.42  6.11
2036  5.71  5.97  6.31 12.49 13.21 15.12  18.1 20.78 17.94 13.04  9.53  6.15
2037  5.74  6.01  6.35 12.66  13.4 15.35 18.38 21.13 18.23 13.22  9.63  6.18
2038  5.76  6.04  6.39 12.84 13.59 15.58 18.67 21.48 18.51  13.4  9.74  6.22
2039  5.79  6.08  6.42    13 13.77 15.76 18.91 21.77 18.75 13.55  9.83  6.25
2040     0     0     0     0     0     0     0     0     0     0     0     0
NUM:  20 BATALHA               Penal: 0          0
A~NO ....1 ....2 ....3 ....4 ....5 ....6 ....7 ....8 ....9 ...10 ...11 ...12
2025  0.71  4.55  0.96  7.58 22.33 29.67 29.23 22.91 13.69  6.24  0.33   0.1
2026  0.74  4.72  0.99  7.82 23.06 30.64 30.19 23.65 14.12  6.45  0.34  0.11
2027  0.76  4.88  1.02  8.07 23.77 31.57 31.09 24.36 14.53  6.66  0.35  0.11
2028  0.77  4.92  1.05  8.32 24.52 32.59  32.1 25.11 14.98  6.88  0.36  0.11
2029  0.81  5.21  1.08  8.57 25.25 33.56 33.06 25.85  15.4  7.09  0.37  0.11
2030  0.83  5.38   1.1  8.81 25.97 34.52    34 26.55 15.79  7.27  0.37  0.11
2031  0.85  5.51  1.13  9.03 26.58 35.31 34.76 27.17 16.15  7.44  0.38  0.11
2032  0.86  5.51  1.15  9.24 27.23 36.19 35.64 27.82 16.55  7.62  0.39  0.11
2033  0.89  5.78  1.18  9.46 27.86 37.02 36.45 28.46 16.92  7.79   0.4  0.11
2034  0.91  5.91   1.2  9.67 28.49 37.85 37.27 29.09  17.3  7.96   0.4  0.11
2035  0.94  6.05  1.23  9.88  29.1 38.63 38.03 29.71 17.65  8.13  0.41  0.11
2036  0.94  6.03  1.26  10.1 29.75 39.52 38.91 30.36 18.05  8.31  0.42  0.11
2037  0.98  6.31  1.28 10.31 30.38 40.35 39.72    31 18.43  8.48  0.43  0.11
2038     1  6.45  1.31 10.53 31.01 41.18 40.54 31.63  18.8  8.66  0.43  0.12
2039  1.02  6.58  1.33 10.74 31.61 41.96 41.29 32.24 19.15  8.83  0.44  0.12
2040     0     0     0     0     0     0     0     0     0     0     0     0
NUM:  21 SERRA FACAO           Penal: 0          0
A~NO ....1 ....2 ....3 ....4 ....5 ....6 ....7 ....8 ....9 ...10 ...11 ...12
2025  0.08  0.65  0.36  2.54   5.4  7.25  7.42  6.57  4.12  1.74  0.16  0.08
2026  0.08  0.67  0.37  2.64  5.61  7.54  7.72  6.82  4.27   1.8  0.16  0.08
2027  0.08   0.7  0.38  2.73  5.81  7.81  7.99  7.07  4.41  1.86  0.17  0.08
2028  0.08   0.7  0.39  2.83  6.03  8.12  8.31  7.33  4.57  1.92  0.17  0.08
2029  0.09  0.74   0.4  2.93  6.24  8.41   8.6  7.59  4.72  1.98  0.17  0.08
2030  0.09  0.77  0.41  3.02  6.44  8.69  8.89  7.83  4.85  2.03  0.18  0.08
2031  0.09  0.78  0.42   3.1  6.61  8.92  9.11  8.03  4.97  2.08  0.18  0.08
2032  0.09  0.78  0.43  3.19   6.8  9.18  9.38  8.26  5.11  2.14  0.18  0.08
2033  0.09  0.82  0.44  3.27  6.97  9.42  9.63  8.48  5.24  2.19  0.19  0.09
2034  0.09  0.84  0.45  3.35  7.15  9.66  9.87  8.69  5.37  2.24  0.19  0.09
2035   0.1  0.86  0.46  3.43  7.32  9.88 10.09  8.89  5.49  2.29  0.19  0.09
2036   0.1  0.85  0.47  3.52   7.5 10.14 10.37  9.12  5.63  2.34   0.2  0.09
2037   0.1  0.89  0.48   3.6  7.68 10.38 10.61  9.34  5.76  2.39   0.2  0.09
2038   0.1  0.91  0.49  3.68  7.86 10.62 10.86  9.55  5.88  2.44   0.2  0.09
2039   0.1  0.93   0.5  3.76  8.03 10.84 11.07  9.75     6  2.49  0.21  0.09
2040     0     0     0     0     0     0     0     0     0     0     0     0
NUM:  24 EMBORCACAO            Penal: 0          0
A~NO ....1 ....2 ....3 ....4 ....5 ....6 ....7 ....8 ....9 ...10 ...11 ...12
2025  0.95  1.68  1.46 18.45 27.45 32.87 37.42 44.26 37.65 17.73  1.04  0.96
2026  0.96  1.72  1.49 19.16 28.52 34.15 38.85 45.94 39.09 18.39  1.06  0.97
2027  0.97  1.76  1.52 19.87 29.53 35.09 39.77 47.55 40.51 19.04  1.07  0.98
2028  0.99  1.78  1.55 20.58 30.65  36.7 41.72 49.31 41.95  19.7  1.09     1
2029     1  1.85  1.58 21.29 31.72 37.97 43.15    51 43.38 20.36  1.11  1.01
2030  1.01  1.89  1.62    22 32.79  39.2 44.41 52.35  44.5 20.89  1.12  1.03
2031  1.03  1.93  1.65 22.59 33.62  39.9 45.04 53.68 45.69 21.41  1.14  1.04
2032  1.04  1.94  1.68 23.17 34.57 41.34  46.8 55.14 46.85 21.94  1.16  1.05
2033  1.06  2.01  1.72 23.76 35.46 42.41 47.99 56.52 48.01 22.47  1.17  1.07
2034  1.07  2.05  1.75 24.35 36.36 43.47 49.18  57.9 49.16    23  1.19  1.08
2035  1.08  2.09  1.78 24.93 37.18 44.13 49.74 59.18 50.31 23.53  1.21  1.09
2036   1.1   2.1  1.82 25.52 38.14 45.61 51.56 60.66 51.48 24.06  1.22  1.11
2037  1.11  2.18  1.85  26.1 39.03 46.68 52.75 62.03 52.63 24.58  1.24  1.12
2038  1.12  2.22  1.88 26.69 39.92 47.75 53.94 63.41 53.79 25.11  1.26  1.13
2039  1.14  2.26  1.92 27.28 40.74 48.36 54.45 64.68 54.93 25.64  1.27  1.15
2040     0     0     0     0     0     0     0     0     0     0     0     0
NUM:  25 NOVA PONTE            Penal: 0          0
A~NO ....1 ....2 ....3 ....4 ....5 ....6 ....7 ....8 ....9 ...10 ...11 ...12
2025  0.99  1.93  1.74 10.04 15.84 21.18 22.69 21.62 14.72  6.36  1.14     1
2026     1  1.99  1.79 10.48 16.53 22.09 23.65 22.54 15.35  6.61  1.16  1.02
2027  1.02  2.04  1.84 10.91  17.2  22.9 24.48 23.44 15.96  6.85  1.18  1.03
2028  1.03  2.05  1.89 11.35  17.9 23.91 25.58  24.4  16.6   7.1   1.2  1.05
2029  1.05  2.14  1.93 11.78 18.59 24.82 26.54 25.32 17.22  7.35  1.22  1.06
2030  1.06  2.19  1.98 12.22 19.28 25.72  27.5 26.25 17.84   7.6  1.24  1.08
2031  1.08  2.24  2.03 12.61 19.86 26.41 28.19 27.07 18.42  7.83  1.26  1.09
2032  1.09  2.25  2.07    13 20.48 27.32  29.2 27.94    19  8.07  1.29  1.11
2033  1.11  2.33  2.12 13.39 21.09 28.11 30.04 28.79 19.59   8.3  1.31  1.12
2034  1.12  2.38  2.16 13.78 21.69 28.91 30.89 29.64 20.17  8.53  1.33  1.14
2035  1.14  2.43  2.21 14.17 22.27 29.57 31.56 30.45 20.74  8.77  1.35  1.15
2036  1.16  2.44  2.25 14.56 22.89  30.5 32.59 31.34 21.33     9  1.37  1.17
2037  1.17  2.53   2.3 14.95 23.49 31.29 33.44 32.18 21.91  9.23  1.39  1.18
2038  1.18  2.58  2.34 15.34 24.09 32.09 34.29 33.03 22.49  9.47  1.41   1.2
2039   1.2  2.62  2.38 15.73 24.67 32.74 34.94 33.84 23.06   9.7  1.43  1.21
2040     0     0     0     0     0     0     0     0     0     0     0     0
NUM:  26 MIRANDA               Penal: 0          0
A~NO ....1 ....2 ....3 ....4 ....5 ....6 ....7 ....8 ....9 ...10 ...11 ...12
2025  0.06  0.29  0.39  3.37  4.66   5.7  6.82   7.7  6.32  3.17  0.44  0.06
2026  0.06   0.3   0.4   3.5  4.84  5.92  7.08  7.99  6.56  3.28  0.46  0.06
2027  0.06  0.31  0.41  3.63  5.01  6.11  7.27  8.26  6.78   3.4  0.47  0.06
2028  0.06  0.31  0.42  3.77   5.2  6.37  7.61  8.58  7.03  3.52  0.48  0.06
2029  0.06  0.33  0.44   3.9  5.38  6.59  7.87  8.87  7.27  3.63   0.5  0.06
2030  0.06  0.33  0.45  4.03  5.57  6.81  8.14  9.17  7.51  3.75  0.51  0.06
2031  0.06  0.34  0.46  4.16  5.74  6.99  8.33  9.45  7.74  3.87  0.53  0.06
2032  0.06  0.34  0.48   4.3  5.94  7.27  8.68  9.77  7.99  3.99  0.54  0.06
2033  0.06  0.36  0.49  4.43  6.12  7.49  8.95 10.07  8.23  4.11  0.56  0.06
2034  0.06  0.37  0.51  4.57  6.31  7.72  9.22 10.37  8.48  4.22  0.57  0.06
2035  0.06  0.38  0.52   4.7  6.49   7.9   9.4 10.65  8.71  4.34  0.58  0.06
2036  0.06  0.38  0.53  4.84  6.68  8.18  9.76 10.98  8.96  4.46   0.6  0.06
2037  0.06   0.4  0.55  4.97  6.87   8.4 10.03 11.28  9.21  4.58  0.62  0.06
2038  0.06  0.41  0.56  5.11  7.06  8.63  10.3 11.58  9.45   4.7  0.63  0.06
2039  0.06  0.42  0.57  5.24  7.23   8.8 10.47 11.85  9.68  4.82  0.64  0.06
2040     0     0     0     0     0     0     0     0     0     0     0     0
NUM:  27 CAPIM BRANC1          Penal: 0          0
A~NO ....1 ....2 ....3 ....4 ....5 ....6 ....7 ....8 ....9 ...10 ...11 ...12
2025  8.29   8.3   8.3  8.69  8.86  8.96  9.09   9.3  9.21  8.71  8.31   8.3
2026   8.3  8.31  8.31  8.71  8.89  8.99  9.13  9.35  9.25  8.74  8.31  8.31
2027  8.31  8.31  8.31  8.74  8.92  9.02  9.15  9.39  9.29  8.76  8.32  8.31
2028  8.31  8.32  8.32  8.76  8.95  9.06  9.21  9.44  9.34  8.78  8.32  8.32
2029  8.32  8.32  8.33  8.78  8.98  9.09  9.24  9.49  9.38   8.8  8.33  8.32
2030  8.33  8.33  8.33   8.8  9.01  9.13  9.28  9.53  9.42  8.83  8.34  8.33
2031  8.33  8.33  8.34  8.83  9.04  9.15   9.3  9.57  9.46  8.85  8.34  8.33
2032  8.33  8.34  8.34  8.85  9.07  9.19  9.36  9.62   9.5  8.87  8.34  8.34
2033  8.34  8.34  8.35  8.87  9.09  9.22  9.39  9.67  9.54  8.89  8.35  8.34
2034  8.34  8.35  8.35  8.89  9.12  9.25  9.43  9.71  9.58  8.91  8.35  8.35
2035  8.35  8.35  8.35  8.91  9.15  9.28  9.45  9.75  9.62  8.93  8.35  8.35
2036  8.35  8.35  8.35  8.93  9.17  9.32   9.5   9.8  9.66  8.95  8.36  8.35
2037  8.35  8.36  8.36  8.94   9.2  9.35  9.53  9.84   9.7  8.97  8.36  8.35
2038  8.35  8.36  8.36  8.96  9.23  9.37  9.57  9.88  9.74  8.98  8.36  8.35
2039  8.35  8.36  8.36  8.98  9.25  9.39  9.58  9.92  9.78     9  8.36  8.35
2040     0     0     0     0     0     0     0     0     0     0     0     0
NUM:  28 CAPIM BRANC2          Penal: 0          0
A~NO ....1 ....2 ....3 ....4 ....5 ....6 ....7 ....8 ....9 ...10 ...11 ...12
2025 -6.93 -6.93 -6.93 -6.53 -6.36 -6.26 -6.13 -5.91    -6 -6.51 -6.93 -6.93
2026 -6.93 -6.92 -6.92 -6.51 -6.33 -6.23 -6.09 -5.87 -5.96 -6.49 -6.92 -6.93
2027 -6.93 -6.92 -6.92 -6.49 -6.31 -6.21 -6.07 -5.83 -5.92 -6.48 -6.92 -6.93
2028 -6.93 -6.92 -6.92 -6.47 -6.28 -6.17 -6.03 -5.78 -5.89 -6.46 -6.92 -6.93
2029 -6.93 -6.92 -6.92 -6.45 -6.26 -6.14 -5.99 -5.74 -5.85 -6.44 -6.92 -6.93
2030 -6.93 -6.92 -6.92 -6.44 -6.23 -6.11 -5.96  -5.7 -5.81 -6.42 -6.92 -6.92
2031 -6.92 -6.92 -6.92 -6.42 -6.21 -6.09 -5.94 -5.66 -5.77  -6.4 -6.92 -6.92
2032 -6.92 -6.92 -6.92  -6.4 -6.18 -6.06 -5.89 -5.62 -5.73 -6.39 -6.92 -6.92
2033 -6.92 -6.92 -6.92 -6.38 -6.16 -6.03 -5.86 -5.57 -5.69 -6.37 -6.92 -6.92
2034 -6.92 -6.92 -6.92 -6.37 -6.13    -6 -5.82 -5.53 -5.66 -6.35 -6.92 -6.92
2035 -6.92 -6.92 -6.92 -6.35 -6.11 -5.98 -5.81 -5.49 -5.62 -6.33 -6.92 -6.92
2036 -6.92 -6.92 -6.92 -6.33 -6.08 -5.94 -5.76 -5.45 -5.58 -6.32 -6.92 -6.92
2037 -6.92 -6.92 -6.92 -6.31 -6.06 -5.91 -5.72  -5.4 -5.54  -6.3 -6.92 -6.92
2038 -6.92 -6.91 -6.91 -6.29 -6.03 -5.88 -5.69 -5.36  -5.5 -6.28 -6.92 -6.92
2039 -6.92 -6.91 -6.91 -6.28 -6.01 -5.86 -5.68 -5.32 -5.46 -6.26 -6.91 -6.92
2040     0     0     0     0     0     0     0     0     0     0     0     0
NUM:  29 CORUMBA IV            Penal: 0          0
A~NO ....1 ....2 ....3 ....4 ....5 ....6 ....7 ....8 ....9 ...10 ...11 ...12
2025  4.29  4.71  4.32  5.99  9.04  8.04  7.26  7.44  7.01  5.22  4.42  4.43
2026  4.45  4.88  4.48   6.2  9.34  8.32  7.51  7.69  7.25   5.4  4.58   4.6
2027  4.61  5.05  4.64  6.41  9.64  8.56  7.75  7.94  7.48  5.59  4.74  4.76
2028  4.77  5.21  4.81  6.62  9.94  8.86     8   8.2  7.73  5.77   4.9  4.92
2029  4.93   5.4  4.97  6.83 10.25  9.13  8.25  8.45  7.96  5.96  5.07  5.08
2030  5.09  5.57  5.13  7.04 10.55  9.41   8.5   8.7  8.21  6.14  5.23  5.24
2031  5.25  5.74  5.29  7.25 10.85  9.65  8.75  8.96  8.44  6.33  5.38   5.4
2032  5.41   5.9  5.45  7.46 11.16  9.96     9  9.21  8.69  6.51  5.54  5.56
2033  5.57  6.09  5.61  7.67 11.47 10.24  9.25  9.47  8.93   6.7   5.7  5.71
2034  5.73  6.26  5.77  7.89 11.78 10.52  9.51  9.72  9.17  6.88  5.86  5.87
2035  5.89  6.43  5.93   8.1 12.08 10.76  9.75  9.98  9.41  7.07  6.02  6.03
2036  6.05  6.59  6.09  8.31 12.39 11.07 10.01 10.23  9.65  7.25  6.18  6.19
2037  6.21  6.77  6.24  8.52  12.7 11.35 10.26 10.49  9.89  7.44  6.34  6.35
2038  6.36  6.95   6.4  8.73    13 11.63 10.51 10.74 10.13  7.62   6.5  6.51
2039  6.52  7.12  6.56  8.94 13.31 11.86 10.76    11 10.37  7.81  6.66  6.67
2040     0     0     0     0     0     0     0     0     0     0     0     0
NUM:  30 CORUMBA I             Penal: 0          0
A~NO ....1 ....2 ....3 ....4 ....5 ....6 ....7 ....8 ....9 ...10 ...11 ...12
2025  2.08  2.75  2.22  5.01  10.8 12.23 11.32  9.91  7.02  3.45  2.12  2.09
2026  2.11   2.8  2.25  5.12 11.07 12.54 11.61 10.15  7.19  3.52  2.15  2.12
2027  2.14  2.85  2.28  5.23 11.34 12.82 11.88 10.39  7.35  3.58  2.18  2.15
2028  2.17  2.87  2.31  5.35 11.61 13.16 12.17 10.64  7.52  3.65  2.21  2.17
2029  2.19  2.94  2.35  5.46 11.88 13.46 12.45 10.89  7.69  3.72  2.24   2.2
2030  2.22  2.99  2.38  5.57 12.15 13.77 12.73 11.13  7.85  3.78  2.27  2.23
2031  2.25  3.03  2.41  5.68 12.43 14.06 13.02 11.38  8.02  3.85   2.3  2.26
2032  2.28  3.06  2.44  5.79 12.71 14.41 13.32 11.64  8.19  3.92  2.32  2.28
2033   2.3  3.13  2.47   5.9 12.99 14.73 13.61 11.89  8.36  3.98  2.35  2.31
2034  2.33  3.17   2.5  6.02 13.27 15.05 13.91 12.14  8.53  4.05  2.38  2.33
2035  2.36  3.22  2.53  6.13 13.55 15.33 14.19 12.39  8.69  4.11   2.4  2.36
2036  2.38  3.24  2.56  6.24 13.83 15.69 14.49 12.65  8.87  4.18  2.43  2.39
2037  2.41  3.31  2.59  6.35 14.11 16.01 14.78  12.9  9.04  4.24  2.46  2.41
2038  2.43  3.35  2.62  6.46 14.39 16.33 15.08 13.15  9.21  4.31  2.48  2.43
2039  2.46   3.4  2.65  6.57 14.66  16.6 15.36  13.4  9.36  4.37  2.51  2.46
2040     0     0     0     0     0     0     0     0     0     0     0     0
NUM:  31 ITUMBIARA             Penal: 0          0
A~NO ....1 ....2 ....3 ....4 ....5 ....6 ....7 ....8 ....9 ...10 ...11 ...12
2025 -2.06 -1.84 -1.87  3.46  6.71  8.79 10.25  11.9     9   2.7 -1.98 -2.16
2026 -2.17 -1.94 -1.97  3.57  6.95  9.11 10.61 12.33  9.33  2.79 -2.07 -2.26
2027 -2.27 -2.04 -2.06  3.68  7.15  9.35 10.86 12.74  9.65  2.87 -2.17 -2.37
2028 -2.38 -2.14 -2.16  3.79  7.41  9.73 11.34 13.19  9.98  2.95 -2.27 -2.47
2029 -2.48 -2.23 -2.26   3.9  7.65 10.04 11.71 13.62 10.31  3.04 -2.37 -2.58
2030 -2.58 -2.33 -2.36  4.02  7.88 10.35 12.07 14.04 10.62  3.12 -2.47 -2.68
2031 -2.69 -2.43 -2.45  4.12  8.08 10.57 12.28 14.43 10.94   3.2 -2.57 -2.78
2032 -2.79 -2.53 -2.55  4.23  8.33 10.95 12.77 14.88 11.27  3.28 -2.66 -2.89
2033 -2.89 -2.62 -2.64  4.34  8.56 11.25 13.13  15.3 11.59  3.36 -2.76 -2.99
2034    -3 -2.71 -2.74  4.45  8.78 11.54 13.48 15.72 11.91  3.44 -2.86 -3.09
2035  -3.1 -2.81 -2.84  4.55  8.98 11.75 13.68  16.1 12.22  3.53 -2.95 -3.19
2036  -3.2 -2.91 -2.93  4.66  9.24 12.14 14.18 16.56 12.56  3.61 -3.05 -3.29
2037  -3.3    -3 -3.02  4.77  9.46 12.44 14.54 16.98 12.88  3.69 -3.14  -3.4
2038  -3.4 -3.09 -3.12  4.88  9.69 12.74 14.89 17.39  13.2  3.78 -3.24  -3.5
2039 -3.51 -3.18 -3.21  4.99  9.88 12.94 15.07 17.77 13.51  3.86 -3.34  -3.6
2040     0     0     0     0     0     0     0     0     0     0     0     0
NUM:  32 CACH DOURADA          Penal: 0          0
A~NO ....1 ....2 ....3 ....4 ....5 ....6 ....7 ....8 ....9 ...10 ...11 ...12
2025  1.15  1.51  1.43   2.9  3.84  4.92  5.77  5.95  4.23  2.45  1.46  1.18
2026  1.18  1.56  1.47  2.99  3.96  5.07  5.95  6.13  4.35  2.52   1.5  1.21
2027  1.21   1.6  1.52  3.08  4.08  5.21  6.12  6.31  4.48   2.6  1.54  1.24
2028  1.25  1.63  1.56  3.17   4.2  5.38  6.31   6.5   4.6  2.65  1.59  1.28
2029  1.28  1.69   1.6  3.26  4.32  5.54  6.49  6.68  4.72  2.72  1.63  1.31
2030  1.31  1.74  1.65  3.35  4.44  5.69  6.67  6.84  4.76  2.79  1.67  1.35
2031  1.35  1.79  1.69  3.44  4.55  5.82  6.83  7.03  4.97  2.86  1.71  1.38
2032  1.38  1.81  1.73  3.52  4.67  5.98  7.02  7.21  5.08  2.92  1.76  1.41
2033  1.42  1.87  1.77  3.61  4.78  6.13  7.19  7.39   5.2  2.98   1.8  1.45
2034  1.45  1.92  1.82   3.7  4.89  6.27  7.36  7.56  5.32  3.05  1.84  1.48
2035  1.48  1.96  1.86  3.78     5   6.4  7.51  7.73  5.44  3.12  1.88  1.51
2036  1.52  1.99   1.9  3.87  5.11  6.57   7.7  7.91  5.55  3.18  1.92  1.55
2037  1.55  2.05  1.94  3.95  5.23  6.71  7.87  8.09  5.67  3.24  1.97  1.58
2038  1.58   2.1  1.99  4.04  5.34  6.86  8.04  8.26  5.79  3.31  2.01  1.61
2039  1.62  2.14  2.03  4.12  5.45  6.98   8.2  8.42  5.91  3.38  2.05  1.65
2040     0     0     0     0     0     0     0     0     0     0     0     0
NUM:  33 SAO SIMAO             Penal: 0          0
A~NO ....1 ....2 ....3 ....4 ....5 ....6 ....7 ....8 ....9 ...10 ...11 ...12
2025  9.12  9.81  9.91 19.93  30.6 34.45 35.77 37.96 31.98 20.59 11.21   9.3
2026  9.31 10.04 10.15 20.65 31.77 35.74 37.06 39.28 32.98 21.16 11.48  9.49
2027  9.51 10.27 10.38 21.36 32.92 36.96 38.17 40.48 33.94 21.78 11.75  9.69
2028   9.7 10.48 10.62 22.09 34.11 38.33 39.64 41.91 34.99 22.32 12.02  9.88
2029  9.89 10.73 10.85 22.81 35.28 39.62 40.93 43.23 35.99 22.89 12.29 10.07
2030 10.09 10.96 11.09 23.52 36.44  40.9 42.17 44.39  36.9 23.46 12.55 10.26
2031 10.28 11.18 11.32 24.19 37.53 42.06 43.25 45.68 37.89 24.05 12.81 10.46
2032 10.47 11.38 11.55 24.89 38.68 43.39 44.69 47.07 38.91 24.57 13.08 10.65
2033 10.67 11.63 11.78 25.58  39.8 44.63 45.94 48.34 39.88 25.13 13.35 10.85
2034 10.86 11.86 12.01 26.26 40.92 45.87 47.18  49.6 40.84 25.69 13.61 11.04
2035 11.06 12.08 12.24 26.94 42.01 47.03 48.21 50.74 41.75 26.29 13.88 11.24
2036 11.25 12.28 12.48 27.63 43.16 48.36 49.67 52.14 42.77  26.8 14.14 11.43
2037 11.44 12.53  12.7 28.31 44.28  49.6 50.91  53.4 43.74 27.36  14.4 11.62
2038 11.63 12.76 12.93    29 45.39 50.84 52.16 54.67  44.7 27.92 14.67 11.81
2039 11.83 12.98 13.16 29.67 46.48 51.98 53.17 55.79 45.59 28.51 14.93 12.01
2040     0     0     0     0     0     0     0     0     0     0     0     0
NUM:  34 _I. SOLTEIRA          Penal: 0          0
A~NO ....1 ....2 ....3 ....4 ....5 ....6 ....7 ....8 ....9 ...10 ...11 ...12
2025  3.88  4.36  4.99   8.6  8.95 10.49  12.9 14.87 12.78  9.56  7.82  4.37
2026   3.9  4.39  5.04  8.75  9.12  10.7 13.18  15.2 13.05  9.73  7.94   4.4
2027  3.92  4.42  5.09   8.9  9.28 10.87 13.39 15.47 13.28  9.89  8.06  4.43
2028  3.93  4.43  5.13  9.06  9.45 11.12 13.72 15.85 13.58 10.08  8.19  4.46
2029  3.95  4.48  5.18  9.21  9.61 11.33 13.99 16.17 13.84 10.25  8.31  4.49
2030  3.97   4.5  5.23  9.37  9.78 11.53 14.27  16.5 14.11 10.42  8.44  4.52
2031  3.99  4.53  5.28  9.52  9.94 11.71 14.48 16.78 14.35 10.58  8.56  4.55
2032     4  4.55  5.33  9.69 10.12 11.97 14.83 17.17 14.66 10.78   8.7  4.58
2033  4.03   4.6  5.38  9.85 10.29 12.19 15.11 17.51 14.93 10.96  8.82  4.62
2034  4.05  4.63  5.44 10.01 10.47  12.4 15.39 17.84  15.2 11.14  8.95  4.65
2035  4.07  4.67  5.49 10.17 10.63 12.58 15.61 18.12 15.44 11.29  9.08  4.68
2036  4.09  4.68  5.54 10.34 10.81 12.84 15.96 18.51 15.75 11.49  9.21  4.72
2037   4.1  4.73  5.59  10.5 10.98 13.05 16.24 18.85 16.02 11.67  9.34  4.75
2038  4.13  4.76  5.64 10.66 11.15 13.27 16.52 19.18 16.29 11.85  9.47  4.78
2039  4.14   4.8   5.7 10.81 11.32 13.45 16.73 19.45 16.53    12  9.59  4.81
2040     0     0     0     0     0     0     0     0     0     0     0     0
NUM:  37 BARRA BONITA          Penal: 0          0
A~NO ....1 ....2 ....3 ....4 ....5 ....6 ....7 ....8 ....9 ...10 ...11 ...12
2025 22.98 23.13 23.35 26.64 25.84 25.35 27.15 28.83 27.21 25.28 25.24 23.51
2026 23.16 23.31 23.54 26.93 26.11 25.59 27.45 29.19 27.51 25.51 25.48 23.69
2027 23.33 23.48 23.72 27.21 26.36 25.84 27.74 29.53  27.8 25.74 25.71 23.87
2028 23.49 23.65 23.89  27.5 26.62 26.08 28.04 29.89 28.11 25.98 25.95 24.04
2029 23.66 23.82 24.07 27.78 26.87 26.31 28.34 30.23  28.4 26.21 26.17 24.21
2030 23.81 23.98 24.23 28.05 27.12 26.54 28.62 30.55 28.68 26.43  26.4 24.38
2031 23.97 24.14  24.4 28.32 27.36 26.77  28.9  30.9 28.95 26.65 26.61 24.54
2032 24.12 24.29 24.56 28.59 27.61    27 29.19 31.24 29.25 26.88 26.84  24.7
2033 24.27 24.45 24.72 28.86 27.85 27.22 29.47 31.58 29.53 27.09 27.05 24.86
2034 24.41 24.59 24.88 29.12 28.08 27.44 29.75 31.91 29.81 27.31 27.26 25.01
2035 24.55 24.74 25.03 29.39 28.32 27.66 30.02 32.22 30.07 27.51 27.47 25.16
2036 24.69 24.88 25.18 29.64 28.54 27.87 30.29 32.55 30.34 27.72 27.67  25.3
2037 24.81 25.01 25.32 29.89 28.76 28.07 30.55 32.87  30.6 27.92 27.87 25.44
2038 24.94 25.14 25.45 30.13 28.98 28.27 30.81 33.18 30.86 28.11 28.06 25.58
2039 25.06 25.27 25.58 30.37 29.19 28.47 31.06 33.47  31.1 28.29 28.24  25.7
2040     0     0     0     0     0     0     0     0     0     0     0     0
NUM:  38 A.SOUZA LIMA          Penal: 0          0
A~NO ....1 ....2 ....3 ....4 ....5 ....6 ....7 ....8 ....9 ...10 ...11 ...12
2025   2.1   2.1  2.17   2.4   2.3  2.29  2.46   2.6  2.52  2.34  2.36  2.12
2026  2.11  2.11  2.19  2.43  2.32  2.31  2.49  2.62  2.55  2.37  2.39  2.14
2027  2.12  2.12   2.2  2.45  2.34  2.33  2.51  2.65  2.57  2.39  2.41  2.15
2028  2.14  2.14  2.22  2.47  2.36  2.35  2.54  2.68   2.6  2.41  2.43  2.16
2029  2.15  2.15  2.24   2.5  2.38  2.37  2.56  2.71  2.63  2.43  2.45  2.18
2030  2.16  2.16  2.25  2.52   2.4  2.39  2.59  2.74  2.65  2.45  2.47  2.19
2031  2.18  2.18  2.27  2.54  2.42  2.41  2.61  2.77  2.68  2.47  2.49  2.21
2032  2.19  2.19  2.28  2.57  2.43  2.43  2.64   2.8  2.71  2.49  2.51  2.22
2033   2.2   2.2   2.3  2.59  2.45  2.45  2.66  2.83  2.73  2.51  2.53  2.23
2034  2.21  2.22  2.31  2.61  2.47  2.47  2.68  2.86  2.76  2.53  2.56  2.25
2035  2.23  2.23  2.33  2.64  2.49  2.48  2.71  2.88  2.78  2.55  2.58  2.26
2036  2.24  2.24  2.34  2.66  2.51   2.5  2.73  2.91  2.81  2.57   2.6  2.27
2037  2.25  2.25  2.36  2.68  2.53  2.52  2.76  2.94  2.84  2.59  2.62  2.28
2038  2.26  2.27  2.37   2.7  2.55  2.54  2.78  2.97  2.86  2.61  2.64   2.3
2039  2.28  2.28  2.39  2.72  2.57  2.56   2.8     3  2.88  2.63  2.66  2.31
2040     0     0     0     0     0     0     0     0     0     0     0     0
NUM:  39 IBITINGA              Penal: 0          0
A~NO ....1 ....2 ....3 ....4 ....5 ....6 ....7 ....8 ....9 ...10 ...11 ...12
2025  2.86  2.89  3.35  6.05  5.26  5.41  6.77  8.38  7.88  5.94  5.35  3.18
2026  2.87  2.91  3.37  6.16  5.34   5.5   6.9  8.55  8.03  6.04  5.44   3.2
2027  2.88  2.92   3.4  6.27  5.42  5.58  7.01  8.69  8.16  6.12  5.52  3.22
2028  2.89  2.93  3.43  6.37  5.51  5.67  7.15  8.89  8.35  6.24  5.61  3.24
2029   2.9  2.94  3.45  6.48  5.59  5.76  7.28  9.07  8.51  6.34  5.69  3.26
2030  2.92  2.96  3.48  6.58  5.67  5.85  7.41  9.24  8.67  6.44  5.77  3.28
2031  2.93  2.97  3.51  6.69  5.75  5.92  7.52  9.38  8.79  6.53  5.85  3.31
2032  2.94  2.98  3.53   6.8  5.84  6.02  7.67  9.59  8.99  6.65  5.95  3.33
2033  2.95     3  3.56  6.91  5.93  6.11   7.8  9.77  9.15  6.76  6.03  3.35
2034  2.97  3.01  3.59  7.02  6.01   6.2  7.93  9.95  9.31  6.86  6.12  3.37
2035  2.98  3.03  3.62  7.13   6.1  6.28  8.04 10.09  9.44  6.94   6.2  3.39
2036  2.99  3.04  3.65  7.24  6.18  6.38  8.19 10.31  9.64  7.07  6.29  3.42
2037     3  3.05  3.67  7.35  6.27  6.47  8.32 10.48   9.8  7.17  6.38  3.44
2038  3.02  3.07   3.7  7.46  6.35  6.56  8.45 10.66  9.96  7.28  6.47  3.46
2039  3.03  3.08  3.73  7.57  6.44  6.64  8.55 10.79 10.08  7.36  6.54  3.48
2040     0     0     0     0     0     0     0     0     0     0     0     0
NUM:  40 PROMISSAO             Penal: 0          0
A~NO ....1 ....2 ....3 ....4 ....5 ....6 ....7 ....8 ....9 ...10 ...11 ...12
2025  2.19   2.3  3.26  7.78  6.62  7.19  9.62 12.18  10.9  7.59  6.18  2.45
2026   2.2   2.3   3.3  7.95  6.76  7.35  9.85 12.49 11.17  7.76  6.31  2.46
2027   2.2  2.31  3.33  8.13   6.9  7.49 10.05 12.75 11.41   7.9  6.42  2.47
2028   2.2  2.31  3.37  8.31  7.05  7.67 10.32 13.11 11.71   8.1  6.55  2.48
2029  2.21  2.32   3.4  8.49  7.19  7.83 10.55 13.42 11.98  8.26  6.68  2.49
2030  2.21  2.33  3.44  8.66  7.33  7.99 10.79 13.74 12.26  8.44  6.81   2.5
2031  2.21  2.34  3.48  8.84  7.47  8.13 10.99    14  12.5  8.58  6.92  2.52
2032  2.22  2.34  3.52  9.03  7.62  8.31 11.27 14.38 12.82  8.79  7.06  2.53
2033  2.23  2.35  3.56  9.21  7.77  8.48 11.51  14.7  13.1  8.96  7.19  2.54
2034  2.23  2.36   3.6  9.39  7.91  8.64 11.75 15.02 13.38  9.14  7.32  2.56
2035  2.24  2.37  3.63  9.58  8.05  8.78 11.95 15.28 13.62  9.27  7.44  2.57
2036  2.24  2.37  3.67  9.76  8.21  8.97 12.23 15.66 13.94  9.49  7.58  2.58
2037  2.25  2.39  3.71  9.94  8.35  9.13 12.47 15.98 14.22  9.66  7.71   2.6
2038  2.26   2.4  3.75 10.13   8.5   9.3 12.71  16.3  14.5  9.84  7.84  2.61
2039  2.26  2.41  3.79 10.31  8.64  9.44  12.9 16.56 14.73  9.97  7.95  2.62
2040     0     0     0     0     0     0     0     0     0     0     0     0
NUM:  42 N.AVANHANDAV          Penal: 0          0
A~NO ....1 ....2 ....3 ....4 ....5 ....6 ....7 ....8 ....9 ...10 ...11 ...12
2025  1.02  1.07  1.13  1.56  1.56  1.63  1.78  1.82  1.64  1.45   1.5  1.23
2026  1.02  1.08  1.13  1.59  1.58  1.65  1.81  1.85  1.66  1.47  1.52  1.24
2027  1.02  1.08  1.14  1.61   1.6  1.68  1.84  1.89  1.69  1.49  1.53  1.25
2028  1.02  1.08  1.14  1.63  1.62   1.7  1.88  1.92  1.72  1.51  1.56  1.26
2029  1.02  1.09  1.15  1.65  1.65  1.73  1.91  1.96  1.74  1.53  1.58  1.27
2030  1.02  1.09  1.15  1.68  1.67  1.75  1.94  1.99  1.77  1.54  1.59  1.28
2031  1.02  1.09  1.16  1.69  1.69  1.77  1.97  2.01  1.79  1.56  1.61  1.29
2032  1.03   1.1  1.17  1.72  1.71   1.8     2  2.05  1.82  1.58  1.63   1.3
2033  1.03  1.11  1.17  1.74  1.73  1.82  2.03  2.08  1.84   1.6  1.65  1.31
2034  1.03  1.11  1.18  1.76  1.75  1.84  2.06  2.11  1.86  1.62  1.67  1.32
2035  1.04  1.12  1.19  1.78  1.77  1.87  2.08  2.13  1.89  1.63  1.69  1.33
2036  1.04  1.12   1.2   1.8  1.79  1.89  2.11  2.17  1.91  1.65  1.71  1.34
2037  1.04  1.13   1.2  1.82  1.81  1.91  2.14   2.2  1.94  1.67  1.73  1.36
2038  1.04  1.13  1.21  1.84  1.83  1.94  2.17  2.23  1.96  1.69  1.75  1.37
2039  1.05  1.14  1.22  1.86  1.85  1.96   2.2  2.25  1.98   1.7  1.76  1.37
2040     0     0     0     0     0     0     0     0     0     0     0     0
NUM:  43 _TRES IRMAOS          Penal: 0          0
A~NO ....1 ....2 ....3 ....4 ....5 ....6 ....7 ....8 ....9 ...10 ...11 ...12
2025  2.54  2.74  2.94  4.55  4.74  5.33  5.71  5.23  3.95  3.58  4.21  3.35
2026  2.55  2.76  2.97  4.63  4.83  5.43  5.83  5.33  4.02  3.63  4.28  3.39
2027  2.56  2.78  2.99  4.71  4.91  5.54  5.95  5.44  4.08  3.68  4.34  3.41
2028  2.57  2.79  3.02  4.79     5  5.65  6.08  5.55  4.15  3.74  4.42  3.47
2029  2.59  2.83  3.05  4.87  5.09  5.76   6.2  5.65  4.21  3.79  4.49  3.51
2030   2.6  2.85  3.08  4.95  5.17  5.87  6.32  5.76  4.28  3.84  4.56  3.55
2031  2.61  2.87   3.1  5.03  5.26  5.98  6.45  5.87  4.34  3.89  4.62  3.57
2032  2.62  2.88  3.14  5.12  5.36   6.1  6.58  5.99  4.42  3.95  4.71  3.63
2033  2.64  2.92  3.17   5.2  5.45  6.22  6.71   6.1  4.49     4  4.79  3.68
2034  2.66  2.94   3.2  5.29  5.55  6.33  6.84  6.21  4.56  4.06  4.86  3.72
2035  2.68  2.96  3.23  5.37  5.64  6.45  6.97  6.32  4.62  4.11  4.91  3.74
2036  2.68  2.97  3.26  5.46  5.73  6.57   7.1  6.44  4.69  4.17  5.01   3.8
2037   2.7  3.01  3.29  5.55  5.82  6.68  7.24  6.55  4.76  4.22  5.08  3.85
2038  2.72  3.03  3.32  5.63  5.92   6.8  7.37  6.67  4.83  4.28  5.16  3.89
2039  2.73  3.06  3.35  5.72  6.01  6.91  7.49  6.78   4.9  4.33  5.21  3.91
2040     0     0     0     0     0     0     0     0     0     0     0     0
NUM:  45 JUPIA                 Penal: 0          0
A~NO ....1 ....2 ....3 ....4 ....5 ....6 ....7 ....8 ....9 ...10 ...11 ...12
2025  1.81  2.07  1.92  2.33   2.4  2.61  3.12   3.5  2.56  2.14  2.15  2.08
2026  1.81  2.08  1.92  2.34  2.42  2.64  3.16  3.55  2.59  2.16  2.16  2.09
2027  1.81  2.09  1.93  2.35  2.43  2.66  3.19   3.6  2.61  2.17  2.16  2.08
2028  1.81  2.09  1.93  2.37  2.45  2.69  3.24  3.65  2.64  2.18  2.18  2.11
2029  1.82  2.11  1.93  2.38  2.47  2.72  3.28   3.7  2.66  2.19   2.2  2.12
2030  1.82  2.12  1.94   2.4  2.49  2.74  3.31  3.75  2.69   2.2  2.21  2.13
2031  1.82  2.13  1.94  2.41  2.51  2.77  3.35  3.79  2.71  2.21  2.21  2.13
2032  1.82  2.14  1.95  2.43  2.53   2.8  3.39  3.84  2.74  2.23  2.23  2.16
2033  1.83  2.16  1.96  2.45  2.55  2.83  3.43  3.89  2.76  2.25  2.25  2.17
2034  1.83  2.17  1.96  2.47  2.57  2.86  3.47  3.94  2.79  2.26  2.26  2.18
2035  1.84  2.18  1.97  2.48  2.59  2.89  3.51  3.98  2.82  2.27  2.26  2.18
2036  1.84  2.19  1.98   2.5  2.61  2.92  3.55  4.03  2.84  2.29  2.29  2.21
2037  1.85  2.21  1.99  2.52  2.63  2.94  3.59  4.08  2.87  2.31   2.3  2.22
2038  1.85  2.22  1.99  2.54  2.66  2.97  3.63  4.13   2.9  2.32  2.32  2.23
2039  1.85  2.23     2  2.56  2.68     3  3.67  4.17  2.92  2.33  2.31  2.22
2040     0     0     0     0     0     0     0     0     0     0     0     0
NUM:  46 P. PRIMAVERA          Penal: 0          0
A~NO ....1 ....2 ....3 ....4 ....5 ....6 ....7 ....8 ....9 ...10 ...11 ...12
2025  4.44  5.08  6.16  9.78  7.74  8.06  9.96 11.58  9.85  7.85  8.22   5.9
2026   4.5  5.17  6.29 10.05  7.93  8.26 10.25 11.92 10.11  8.03  8.42  6.04
2027  4.57  5.27  6.43 10.33  8.11  8.45 10.52 12.21 10.35   8.2   8.6  6.15
2028  4.61   5.3  6.56  10.6   8.3  8.67 10.82 12.59 10.63   8.4  8.84  6.32
2029  4.69  5.45   6.7 10.87  8.49  8.87 11.11 12.93 10.89  8.58  9.05  6.46
2030  4.76  5.54  6.83 11.15  8.67  9.08 11.39 13.27 11.15  8.77  9.26   6.6
2031  4.82  5.64  6.97 11.43  8.86  9.27 11.67 13.57  11.4  8.95  9.45  6.72
2032  4.87  5.67  7.12 11.72  9.07   9.5 11.99 13.98  11.7  9.16   9.7   6.9
2033  4.96  5.84  7.26 12.01  9.26  9.72 12.29 14.33 11.97  9.35  9.92  7.05
2034  5.03  5.94   7.4  12.3  9.46  9.93 12.59 14.69 12.24  9.55 10.14   7.2
2035   5.1  6.04  7.54 12.59  9.65 10.13 12.87 14.97 12.49  9.72 10.32  7.32
2036  5.15  6.06  7.69 12.88  9.86 10.36 13.19 15.39 12.79  9.93 10.57   7.5
2037  5.24  6.23  7.83 13.17 10.05 10.57 13.49 15.74 13.06 10.13 10.79  7.65
2038  5.31  6.33  7.97 13.45 10.25 10.79 13.78  16.1 13.33 10.32 11.01  7.79
2039  5.38  6.43  8.11 13.74 10.44 10.98 14.06 16.37 13.56 10.49 11.18   7.9
2040     0     0     0     0     0     0     0     0     0     0     0     0
NUM:  47 A.A. LAYDNER          Penal: 0          0
A~NO ....1 ....2 ....3 ....4 ....5 ....6 ....7 ....8 ....9 ...10 ...11 ...12
2025 21.27 20.49 22.14 26.51 20.33 19.79 24.27 27.43 21.88 23.33 41.37 29.91
2026  21.5 20.68 22.41 27.01 20.52 19.94 24.62 27.93 22.13 23.66  42.6 30.55
2027 21.73 20.87 22.67  27.5  20.7 20.09 24.98 28.42 22.38 23.98 43.69 31.01
2028 21.87 20.92 22.93    28 20.89 20.24 25.34 28.94 22.65 24.33 45.05 31.81
2029 22.18 21.24  23.2  28.5 21.07 20.39  25.7 29.45 22.91 24.67 46.27 32.44
2030 32.21 31.23 33.26 38.79 31.06 30.34 35.86 39.75 32.96  34.8 57.28 42.85
2031 32.43 31.41 33.52 39.25 31.23 30.49 36.19 40.23 33.21  35.1 58.28 43.26
2032 32.56 31.44 33.78 39.73 31.42 30.64 36.54 40.73 33.47 35.45 59.58 44.08
2033 32.88 31.78 34.04  40.2  31.6 30.79 36.88 41.22 33.72 35.77 60.73 44.69
2034  33.1 31.97 34.29 40.67 31.78 30.94 37.23 41.71 33.98  36.1 61.88  45.3
2035 33.32 32.15 34.55 41.14 31.95 31.08 37.56 42.19 34.22 36.39 62.85 45.68
2036 33.43 32.16 34.81 41.61 32.14 31.23 37.91 42.69 34.49 36.74 64.18 46.52
2037 33.76 32.52 35.07 42.08 32.32 31.38 38.25 43.18 34.74 37.07 65.33 47.14
2038 33.99 32.71 35.33 42.55  32.5 31.53  38.6 43.67 34.99 37.39 66.48 47.75
2039 34.21 32.89 35.59 43.02 32.67 31.68 38.93 44.14 35.23 37.68 67.43  48.1
2040     0     0     0     0     0     0     0     0     0     0     0     0
NUM:  48 PIRAJU                Penal: 0          0
A~NO ....1 ....2 ....3 ....4 ....5 ....6 ....7 ....8 ....9 ...10 ...11 ...12
2025   0.1  0.09  0.12  0.18  0.08  0.04  0.05  0.07  0.06  0.08  0.23  0.21
2026  0.11  0.09  0.12  0.18  0.08  0.04  0.05  0.07  0.07  0.09  0.24  0.21
2027  0.11   0.1  0.13  0.19  0.08  0.04  0.05  0.07  0.07  0.09  0.25  0.22
2028  0.11   0.1  0.13   0.2  0.09  0.04  0.05  0.07  0.07  0.09  0.26  0.23
2029  0.11   0.1  0.13   0.2  0.09  0.05  0.05  0.07  0.07   0.1  0.27  0.24
2030  0.12   0.1  0.14  0.21  0.09  0.05  0.05  0.08  0.07   0.1  0.28  0.25
2031  0.12  0.11  0.14  0.22   0.1  0.05  0.05  0.08  0.08   0.1  0.29  0.25
2032  0.12  0.11  0.15  0.23   0.1  0.05  0.06  0.08  0.08  0.11   0.3  0.26
2033  0.13  0.11  0.15  0.23   0.1  0.05  0.06  0.08  0.08  0.11  0.31  0.27
2034  0.13  0.12  0.15  0.24   0.1  0.05  0.06  0.08  0.08  0.12  0.32  0.28
2035  0.14  0.12  0.16  0.25  0.11  0.05  0.06  0.09  0.09  0.12  0.33  0.28
2036  0.14  0.12  0.16  0.26  0.11  0.05  0.06  0.09  0.09  0.12  0.34   0.3
2037  0.14  0.13  0.17  0.26  0.11  0.05  0.06  0.09  0.09  0.13  0.35   0.3
2038  0.15  0.13  0.17  0.27  0.12  0.05  0.06  0.09  0.09  0.13  0.36  0.31
2039  0.15  0.13  0.18  0.28  0.12  0.06  0.06  0.09  0.09  0.13  0.37  0.32
2040     0     0     0     0     0     0     0     0     0     0     0     0
NUM:  49 CHAVANTES             Penal: 0          0
A~NO ....1 ....2 ....3 ....4 ....5 ....6 ....7 ....8 ....9 ...10 ...11 ...12
2025 -4.39 -3.71 -5.25 -9.19 -3.57 -3.18 -7.42-10.19  -4.8 -6.22-23.18-12.47
2026 -4.59 -3.88 -5.48 -9.64 -3.73 -3.32 -7.75-10.66 -5.02 -6.52-24.32-13.04
2027 -4.79 -4.04 -5.72-10.08  -3.9 -3.45 -8.09-11.11 -5.24 -6.81-25.32-13.46
2028 -4.92 -4.09 -5.96-10.53 -4.06 -3.59 -8.42-11.59 -5.47 -7.12-26.59 -14.2
2029 -5.19 -4.38  -6.2-10.98 -4.23 -3.73 -8.76-12.05 -5.69 -7.42-27.72-14.78
2030 -5.39 -4.54 -6.43-11.43 -4.39 -3.87 -9.09-12.51 -5.91 -7.72-28.83-15.33
2031 -5.58  -4.7 -6.66-11.84 -4.54    -4 -9.41-12.95 -6.12 -7.99-29.74-15.69
2032 -5.69 -4.72 -6.89-12.27  -4.7 -4.14 -9.73-13.41 -6.35 -8.29-30.94-16.44
2033 -5.96 -5.02 -7.12-12.69 -4.86 -4.27-10.04-13.85 -6.57 -8.58-31.99-16.99
2034 -6.15 -5.18 -7.35-13.11 -5.02 -4.41-10.36 -14.3 -6.78 -8.86-33.04-17.55
2035 -6.34 -5.34 -7.58-13.52 -5.18 -4.54-10.68-14.73 -6.99 -9.12-33.92-17.88
2036 -6.44 -5.34 -7.81-13.94 -5.34 -4.68   -11-15.19 -7.22 -9.43-35.14-18.66
2037 -6.73 -5.67 -8.04-14.36 -5.49 -4.81-11.31-15.64 -7.43 -9.72-36.19-19.21
2038 -6.92 -5.83 -8.27-14.78 -5.65 -4.95-11.63-16.08 -7.65   -10-37.24-19.76
2039 -7.11 -5.99  -8.5 -15.2 -5.81 -5.08-11.95-16.51 -7.86-10.26 -38.1-20.06
2040     0     0     0     0     0     0     0     0     0     0     0     0
NUM:  50 L. N. GARCEZ          Penal: 0          0
A~NO ....1 ....2 ....3 ....4 ....5 ....6 ....7 ....8 ....9 ...10 ...11 ...12
2025  1.49  1.52  1.87  4.35  2.85  2.58  4.08  5.33  4.53  3.49  4.36  2.22
2026  1.51  1.55  1.91   4.5  2.93  2.64  4.19  5.49  4.67   3.6  4.51  2.28
2027  1.53  1.57  1.95  4.64     3  2.69  4.29  5.64  4.81  3.69  4.66  2.34
2028  1.55  1.58  1.98  4.79  3.08  2.75  4.41  5.82  4.96  3.82  4.82   2.4
2029  1.58  1.62  2.02  4.94  3.15  2.81  4.52  5.99   5.1  3.92  4.97  2.47
2030   1.6  1.64  2.06  5.09  3.23  2.87  4.63  6.15  5.24  4.04  5.13  2.53
2031  1.62  1.66   2.1  5.24  3.31  2.92  4.74  6.31  5.38  4.14  5.28  2.59
2032  1.64  1.68  2.14   5.4  3.39  2.99  4.87   6.5  5.54  4.27  5.45  2.67
2033  1.67  1.72  2.18  5.56  3.47  3.05  4.98  6.68  5.69  4.38  5.62  2.73
2034   1.7  1.74  2.22  5.72  3.55  3.11   5.1  6.85  5.84   4.5  5.78   2.8
2035  1.72  1.77  2.26  5.87  3.63  3.17  5.21     7  5.97   4.6  5.93  2.86
2036  1.74  1.78  2.31  6.03  3.71  3.24  5.34   7.2  6.14  4.73   6.1  2.93
2037  1.77  1.82  2.35  6.19  3.79   3.3  5.45  7.37  6.29  4.84  6.27     3
2038   1.8  1.85  2.39  6.34  3.87  3.36  5.57  7.55  6.43  4.96  6.43  3.07
2039  1.82  1.87  2.43   6.5  3.95  3.41  5.68  7.69  6.57  5.05  6.58  3.13
2040     0     0     0     0     0     0     0     0     0     0     0     0
NUM:  51 CANOAS II             Penal: 0          0
A~NO ....1 ....2 ....3 ....4 ....5 ....6 ....7 ....8 ....9 ...10 ...11 ...12
2025  0.12  0.11  0.12  0.12  0.08  0.07   0.1  0.12  0.11  0.12  0.18  0.17
2026  0.12  0.12  0.12  0.13  0.08  0.07   0.1  0.13  0.11  0.12  0.18  0.17
2027  0.12  0.12  0.12  0.13  0.08  0.07   0.1  0.13  0.12  0.12  0.19  0.17
2028  0.13  0.12  0.13  0.14  0.08  0.07   0.1  0.14  0.12  0.12   0.2  0.18
2029  0.13  0.13  0.13  0.14  0.08  0.07  0.11  0.14  0.12  0.13   0.2  0.19
2030  0.13  0.13  0.13  0.14  0.08  0.08  0.11  0.14  0.12  0.13  0.21  0.19
2031  0.14  0.13  0.14  0.15  0.08  0.08  0.11  0.15  0.12  0.13  0.21   0.2
2032  0.14  0.14  0.14  0.15  0.09  0.08  0.11  0.15  0.13  0.13  0.22   0.2
2033  0.14  0.14  0.15  0.16  0.09  0.08  0.12  0.15  0.13  0.14  0.23  0.21
2034  0.15  0.14  0.15  0.16  0.09  0.08  0.12  0.16  0.13  0.14  0.23  0.22
2035  0.15  0.15  0.15  0.17  0.09  0.08  0.12  0.16  0.14  0.14  0.24  0.22
2036  0.15  0.15  0.16  0.17  0.09  0.08  0.12  0.17  0.14  0.15  0.25  0.23
2037  0.16  0.15  0.16  0.18  0.09  0.08  0.13  0.17  0.14  0.15  0.25  0.23
2038  0.16  0.16  0.17  0.18   0.1  0.08  0.13  0.17  0.14  0.15  0.26  0.24
2039  0.16  0.16  0.17  0.19   0.1  0.08  0.13  0.18  0.15  0.15  0.26  0.24
2040     0     0     0     0     0     0     0     0     0     0     0     0
NUM:  52 CANOAS I              Penal: 0          0
A~NO ....1 ....2 ....3 ....4 ....5 ....6 ....7 ....8 ....9 ...10 ...11 ...12
2025  0.34  0.37  0.46  0.48  0.25  0.21  0.28  0.36  0.36  0.43  0.78  0.57
2026  0.35  0.39  0.48   0.5  0.26  0.21  0.28  0.37  0.37  0.44  0.82   0.6
2027  0.37  0.41  0.51  0.52  0.27  0.22  0.29  0.38  0.38  0.46  0.85  0.62
2028  0.38  0.42  0.53  0.54  0.27  0.22   0.3   0.4   0.4  0.48  0.89  0.66
2029   0.4  0.45  0.56  0.57  0.28  0.23  0.31  0.41  0.41   0.5  0.93  0.69
2030  0.41  0.47  0.58  0.59  0.29  0.23  0.32  0.42  0.43  0.51  0.97  0.72
2031  0.43  0.49  0.61  0.61   0.3  0.24  0.32  0.43  0.44  0.53  1.01  0.74
2032  0.44   0.5  0.63  0.64   0.3  0.24  0.33  0.45  0.45  0.55  1.05  0.78
2033  0.46  0.53  0.66  0.66  0.31  0.25  0.34  0.46  0.47  0.57  1.09  0.81
2034  0.48  0.54  0.68  0.68  0.32  0.25  0.35  0.47  0.48  0.59  1.13  0.84
2035  0.49  0.56  0.71  0.71  0.33  0.26  0.36  0.48  0.49   0.6  1.16  0.85
2036   0.5  0.57  0.73  0.73  0.34  0.26  0.37   0.5  0.51  0.62  1.21   0.9
2037  0.52   0.6  0.76  0.75  0.34  0.27  0.37  0.51  0.52  0.64  1.25  0.93
2038  0.54  0.62  0.78  0.78  0.35  0.27  0.38  0.52  0.53  0.66  1.29  0.96
2039  0.56  0.64  0.81   0.8  0.36  0.28  0.39  0.53  0.54  0.67  1.32  0.97
2040     0     0     0     0     0     0     0     0     0     0     0     0
NUM:  53 PARANAPANEMA          Penal: 0          0
A~NO ....1 ....2 ....3 ....4 ....5 ....6 ....7 ....8 ....9 ...10 ...11 ...12
2025  5.63  4.84  6.52 10.95  4.67  4.09  8.57 11.75   6.2  7.67 25.87 14.38
2026  5.86  5.03  6.79 11.46  4.86  4.24  8.93 12.26  6.45     8  27.1 15.03
2027  6.09  5.22  7.06 11.95  5.04  4.39  9.28 12.75  6.71  8.32  28.2 15.49
2028  6.24  5.28  7.33 12.46  5.23  4.54  9.65 13.27  6.97  8.68 29.57 16.31
2029  6.56   5.6  7.59 12.96  5.42  4.69 10.01 13.78  7.23  9.02 30.81 16.95
2030  6.79  5.79  7.86 13.47  5.61  4.84 10.36 14.28  7.49  9.36 32.03 17.57
2031  7.02  5.98  8.12 13.94  5.79  4.99  10.7 14.76  7.74  9.66 33.03 17.98
2032  7.14  6.01  8.39 14.42  5.97  5.14 11.05 15.27     8 10.01 34.35 18.81
2033  7.47  6.36  8.65  14.9  6.16  5.29 11.39 15.76  8.26 10.34 35.51 19.43
2034  7.69  6.54  8.91 15.38  6.34  5.44 11.74 16.25  8.52 10.67 36.67 20.05
2035  7.92  6.73  9.18 15.85  6.52  5.59 12.08 16.73  8.76 10.97 37.65 20.44
2036  8.03  6.74  9.44 16.34  6.71  5.74 12.43 17.24  9.03 11.32 38.99 21.29
2037  8.37  7.11   9.7 16.81  6.89  5.89 12.77 17.73  9.28 11.65 40.15 21.91
2038   8.6   7.3  9.97 17.29  7.07  6.04 13.11 18.22  9.54 11.98 41.31 22.53
2039  8.82  7.49 10.23 17.76  7.25  6.19 13.45 18.69  9.78 12.27 42.27 22.89
2040     0     0     0     0     0     0     0     0     0     0     0     0
NUM:  61 CAPIVARA              Penal: 0          0
A~NO ....1 ....2 ....3 ....4 ....5 ....6 ....7 ....8 ....9 ...10 ...11 ...12
2025-15.01-14.95-14.72 -14.6-15.46 -15.3-14.05-13.59-15.03-15.01-13.82-14.06
2026-14.96-14.89-14.66-14.52-15.42-15.25-13.96-13.49-14.98-14.97-13.74-13.98
2027-14.91-14.84 -14.6-14.45-15.38-15.21-13.87-13.39-14.94-14.93-13.67-13.94
2028-14.88-14.82-14.54-14.37-15.34-15.16-13.78-13.28-14.88-14.88-13.56-13.81
2029-14.82-14.74-14.47-14.29 -15.3-15.11-13.69-13.17-14.83-14.83-13.47-13.73
2030-14.77-14.68-14.41-14.22-15.26-15.07 -13.6-13.07-14.78-14.78-13.37-13.64
2031-14.72-14.63-14.34-14.14-15.22-15.02 -13.5-12.97-14.73-14.74 -13.3 -13.6
2032-14.68 -14.6-14.27-14.05-15.17-14.97 -13.4-12.85-14.67-14.68-13.17-13.45
2033-14.61 -14.5 -14.2-13.97-15.13-14.92 -13.3-12.73-14.61-14.62-13.07-13.36
2034-14.55-14.44-14.13-13.89-15.08-14.86 -13.2-12.62-14.56-14.57-12.97-13.26
2035-14.49-14.38-14.06 -13.8-15.04-14.81 -13.1-12.51 -14.5-14.52 -12.9-13.22
2036-14.45-14.36-13.99-13.72-14.99-14.76   -13-12.39-14.44-14.46-12.77-13.07
2037-14.38-14.26-13.92-13.64-14.95-14.71-12.91-12.28-14.39-14.41-12.66-12.98
2038-14.32 -14.2-13.84-13.56-14.91-14.66-12.81-12.17-14.33-14.35-12.56-12.88
2039-14.27-14.14-13.77-13.47-14.86-14.61-12.71-12.07-14.28-14.31 -12.5-12.85
2040     0     0     0     0     0     0     0     0     0     0     0     0
NUM:  62 TAQUARUCU             Penal: 0          0
A~NO ....1 ....2 ....3 ....4 ....5 ....6 ....7 ....8 ....9 ...10 ...11 ...12
2025  1.61  1.69  1.68  1.69  1.58  1.59  1.73  1.77  1.62  1.61  1.76  1.68
2026  1.62   1.7   1.7  1.71   1.6   1.6  1.75  1.79  1.64  1.63  1.78  1.69
2027  1.64  1.72  1.72  1.73  1.61  1.62  1.77  1.81  1.65  1.65  1.79  1.71
2028  1.66  1.73  1.73  1.74  1.63  1.63  1.79  1.83  1.67  1.66  1.82  1.73
2029  1.67  1.76  1.75  1.76  1.64  1.65  1.81  1.85  1.69  1.68  1.84  1.75
2030  1.69  1.78  1.77  1.78  1.66  1.67  1.83  1.87  1.71   1.7  1.86  1.76
2031  1.71   1.8  1.79   1.8  1.68  1.68  1.85   1.9  1.72  1.72  1.87  1.78
2032  1.73  1.81  1.81  1.82   1.7   1.7  1.87  1.92  1.74  1.74   1.9   1.8
2033  1.75  1.84  1.83  1.84  1.71  1.72  1.89  1.94  1.76  1.76  1.92  1.83
2034  1.76  1.86  1.85  1.86  1.73  1.74  1.91  1.97  1.78  1.78  1.95  1.85
2035  1.78  1.88  1.87  1.88  1.75  1.76  1.94  1.99   1.8  1.79  1.96  1.86
2036   1.8   1.9   1.9  1.91  1.77  1.78  1.96  2.01  1.82  1.81  1.99  1.89
2037  1.82  1.92  1.92  1.93  1.79   1.8  1.98  2.04  1.84  1.83  2.01  1.91
2038  1.84  1.95  1.94  1.95  1.81  1.81     2  2.06  1.86  1.85  2.04  1.93
2039  1.86  1.97  1.96  1.97  1.82  1.83  2.02  2.08  1.88  1.87  2.05  1.94
2040     0     0     0     0     0     0     0     0     0     0     0     0
NUM:  63 ROSANA                Penal: 0          0
A~NO ....1 ....2 ....3 ....4 ....5 ....6 ....7 ....8 ....9 ...10 ...11 ...12
2025  3.93  3.95  4.16  4.26  3.84  3.96  4.62  4.83  4.15  4.04  4.53  4.18
2026  3.98     4  4.23  4.34   3.9  4.02  4.71  4.93  4.22  4.09   4.6  4.23
2027  4.03  4.05  4.29  4.41  3.95  4.08  4.79  5.02  4.28  4.15  4.66  4.28
2028  4.07  4.09  4.36  4.49     4  4.14  4.88  5.13  4.35   4.2  4.73  4.34
2029  4.13  4.15  4.43  4.57  4.06   4.2  4.97  5.23  4.41  4.26   4.8  4.39
2030  4.18   4.2   4.5  4.64  4.11  4.26  5.06  5.31  4.48  4.31  4.86  4.45
2031  4.23  4.25  4.57  4.72  4.17  4.33  5.15  5.42  4.54  4.37  4.93  4.49
2032  4.27  4.29  4.64  4.81  4.23  4.39  5.24  5.53  4.61  4.43     5  4.56
2033  4.33  4.36  4.71  4.89  4.29  4.45  5.34  5.63  4.68  4.49  5.07  4.61
2034  4.38  4.41  4.78  4.97  4.34  4.52  5.43  5.73  4.75  4.54  5.14  4.67
2035  4.43  4.47  4.85  5.05   4.4  4.58  5.52  5.83  4.81   4.6   5.2  4.72
2036  4.47   4.5  4.93  5.13  4.46  4.64  5.61  5.94  4.88  4.66  5.28  4.78
2037  4.53  4.57     5  5.21  4.51   4.7  5.71  6.04  4.95  4.71  5.34  4.84
2038  4.58  4.62  5.07  5.29  4.57  4.77   5.8  6.14  5.02  4.77  5.41  4.89
2039  4.63  4.67  5.14  5.37  4.63  4.83  5.89  6.24  5.08  4.82  5.47  4.94
2040     0     0     0     0     0     0     0     0     0     0     0     0
NUM: 153 SAO DOMINGOS          Penal: 0          0
A~NO ....1 ....2 ....3 ....4 ....5 ....6 ....7 ....8 ....9 ...10 ...11 ...12
2025  5.14  5.21  5.15  5.19  5.18   5.2  5.22  5.24  5.23  5.19  5.18  5.23
2026  5.14  5.21  5.15  5.19  5.18   5.2  5.23  5.25  5.23  5.19  5.18  5.24
2027  5.14  5.22  5.15  5.19  5.18   5.2  5.23  5.25  5.23  5.19  5.18  5.24
2028  5.14  5.22  5.15  5.19  5.19  5.21  5.23  5.26  5.24  5.19  5.19  5.25
2029  5.15  5.22  5.15  5.19  5.19  5.21  5.24  5.26  5.24   5.2  5.19  5.25
2030  5.15  5.23  5.15   5.2  5.19  5.21  5.24  5.27  5.24   5.2  5.19  5.26
2031  5.15  5.23  5.16   5.2  5.19  5.21  5.24  5.27  5.25   5.2  5.19  5.26
2032  5.15  5.23  5.16   5.2  5.19  5.22  5.25  5.28  5.25   5.2   5.2  5.27
2033  5.15  5.24  5.16   5.2  5.19  5.22  5.25  5.28  5.25  5.21   5.2  5.27
2034  5.15  5.24  5.16   5.2   5.2  5.22  5.25  5.28  5.26  5.21   5.2  5.28
2035  5.15  5.25  5.16  5.21   5.2  5.22  5.26  5.29  5.26  5.21   5.2  5.28
2036  5.15  5.25  5.16  5.21   5.2  5.23  5.26  5.29  5.26  5.21  5.21  5.29
2037  5.15  5.26  5.16  5.21   5.2  5.23  5.26   5.3  5.27  5.21  5.21  5.29
2038  5.15  5.26  5.16  5.21   5.2  5.23  5.27   5.3  5.27  5.21  5.21   5.3
2039  5.15  5.26  5.16  5.21   5.2  5.23  5.27   5.3  5.27  5.22  5.21  5.29
2040     0     0     0     0     0     0     0     0     0     0     0     0
NUM: 203 CORUMBA III           Penal: 0          0
A~NO ....1 ....2 ....3 ....4 ....5 ....6 ....7 ....8 ....9 ...10 ...11 ...12
2025  0.17   0.2  0.17  0.28  0.53  0.71   0.7  0.57  0.36   0.2  0.17  0.17
2026  0.17  0.21  0.18  0.29  0.54  0.73  0.72  0.58  0.36   0.2  0.18  0.18
2027  0.18  0.21  0.18  0.29  0.55  0.74  0.73   0.6  0.37  0.21  0.18  0.18
2028  0.18  0.21  0.18   0.3  0.56  0.76  0.75  0.61  0.38  0.21  0.18  0.18
2029  0.18  0.21  0.18   0.3  0.57  0.78  0.77  0.62  0.39  0.21  0.18  0.18
2030  0.18  0.22  0.18  0.31  0.58  0.79  0.78  0.63  0.39  0.22  0.18  0.18
2031  0.18  0.22  0.19  0.31   0.6  0.81   0.8  0.65   0.4  0.22  0.19  0.19
2032  0.19  0.22  0.19  0.32  0.61  0.83  0.82  0.66  0.41  0.22  0.19  0.19
2033  0.19  0.22  0.19  0.32  0.62  0.85  0.84  0.67  0.41  0.22  0.19  0.19
2034  0.19  0.23  0.19  0.33  0.63  0.86  0.85  0.69  0.42  0.23  0.19  0.19
2035  0.19  0.23  0.19  0.33  0.65  0.88  0.87   0.7  0.43  0.23  0.19  0.19
2036  0.19  0.23   0.2  0.34  0.66   0.9  0.89  0.71  0.44  0.23   0.2  0.19
2037   0.2  0.24   0.2  0.34  0.67  0.92  0.91  0.73  0.44  0.23   0.2   0.2
2038   0.2  0.24   0.2  0.35  0.68  0.94  0.92  0.74  0.45  0.24   0.2   0.2
2039   0.2  0.24   0.2  0.35   0.7  0.95  0.94  0.75  0.46  0.24   0.2   0.2
2040     0     0     0     0     0     0     0     0     0     0     0     0
NUM: 241 SLT VERDINHO          Penal: 0          0
A~NO ....1 ....2 ....3 ....4 ....5 ....6 ....7 ....8 ....9 ...10 ...11 ...12
2025  0.03  0.03  0.03  0.03  0.05  0.08  0.16  0.23  0.24  0.15  0.12  0.03
2026  0.03  0.03  0.03  0.04  0.05  0.08  0.16  0.23  0.24  0.15  0.12  0.03
2027  0.03  0.03  0.03  0.04  0.05  0.08  0.16  0.23  0.24  0.15  0.12  0.03
2028  0.03  0.03  0.03  0.04  0.05  0.09  0.17  0.24  0.25  0.15  0.13  0.03
2029  0.03  0.03  0.03  0.04  0.05  0.09  0.17  0.24  0.25  0.16  0.13  0.03
2030  0.03  0.03  0.03  0.04  0.05  0.09  0.17  0.25  0.25  0.16  0.13  0.03
2031  0.03  0.03  0.03  0.04  0.05  0.09  0.17  0.25  0.26  0.16  0.13  0.03
2032  0.03  0.03  0.03  0.04  0.05  0.09  0.18  0.25  0.26  0.16  0.13  0.03
2033  0.03  0.03  0.03  0.04  0.05  0.09  0.18  0.26  0.26  0.16  0.13  0.03
2034  0.03  0.03  0.03  0.04  0.05  0.09  0.18  0.26  0.27  0.16  0.13  0.03
2035  0.03  0.03  0.03  0.04  0.05  0.09  0.18  0.26  0.27  0.17  0.14  0.03
2036  0.03  0.03  0.03  0.04  0.05  0.09  0.19  0.26  0.27  0.17  0.14  0.03
2037  0.03  0.03  0.03  0.04  0.05  0.09  0.19  0.27  0.28  0.17  0.14  0.03
2038  0.03  0.03  0.03  0.04  0.06   0.1  0.19  0.27  0.28  0.17  0.14  0.03
2039  0.03  0.03  0.03  0.04  0.06  0.09  0.19  0.27  0.28  0.17  0.14  0.03
2040     0     0     0     0     0     0     0     0     0     0     0     0
NUM: 249 OURINHOS              Penal: 0          0
A~NO ....1 ....2 ....3 ....4 ....5 ....6 ....7 ....8 ....9 ...10 ...11 ...12
2025  0.06  0.06  0.06  0.06  0.06  0.06  0.06  0.06  0.06  0.06  0.06  0.06
2026  0.06  0.06  0.06  0.06  0.06  0.06  0.06  0.06  0.06  0.06  0.06  0.06
2027  0.06  0.06  0.06  0.06  0.06  0.06  0.06  0.06  0.06  0.06  0.06  0.06
2028  0.06  0.06  0.06  0.06  0.06  0.06  0.06  0.06  0.06  0.06  0.06  0.06
2029  0.06  0.06  0.06  0.06  0.06  0.06  0.06  0.06  0.06  0.06  0.06  0.06
2030  0.06  0.06  0.06  0.06  0.06  0.06  0.06  0.06  0.06  0.06  0.06  0.06
2031  0.06  0.06  0.06  0.06  0.06  0.06  0.06  0.06  0.06  0.06  0.06  0.06
2032  0.06  0.06  0.06  0.06  0.06  0.06  0.06  0.06  0.06  0.06  0.07  0.06
2033  0.06  0.06  0.06  0.06  0.06  0.06  0.06  0.06  0.06  0.06  0.07  0.06
2034  0.06  0.06  0.06  0.07  0.06  0.06  0.06  0.06  0.06  0.07  0.07  0.06
2035  0.06  0.06  0.06  0.07  0.06  0.06  0.06  0.06  0.07  0.07  0.07  0.07
2036  0.06  0.06  0.06  0.07  0.06  0.06  0.06  0.07  0.07  0.07  0.07  0.07
2037  0.06  0.06  0.07  0.07  0.06  0.06  0.06  0.07  0.07  0.07  0.07  0.07
2038  0.06  0.06  0.07  0.07  0.06  0.06  0.06  0.07  0.07  0.07  0.07  0.07
2039  0.07  0.07  0.07  0.07  0.06  0.06  0.07  0.07  0.07  0.07  0.07  0.07
2040     0     0     0     0     0     0     0     0     0     0     0     0
NUM: 260 ESTRELA               Penal: 0          0
A~NO ....1 ....2 ....3 ....4 ....5 ....6 ....7 ....8 ....9 ...10 ...11 ...12
2025  0.78  0.78  0.78  0.79  0.79  0.79  0.79   0.8   0.8   0.8   0.8   0.8
2026  0.81  0.81  0.81  0.81  0.82  0.82  0.82  0.83  0.83  0.83  0.83  0.83
2027  0.83  0.84  0.84  0.84  0.85  0.85  0.85  0.85  0.86  0.86  0.86  0.86
2028  0.86  0.86  0.87  0.87  0.87  0.88  0.88  0.88  0.88  0.88  0.89  0.89
2029  0.89  0.89  0.89   0.9   0.9   0.9  0.91  0.91  0.91  0.91  0.91  0.91
2030  0.92  0.92  0.92  0.93  0.93  0.93  0.94  0.94  0.94  0.94  0.94  0.94
2031  0.95  0.95  0.95  0.95  0.96  0.96  0.96  0.97  0.97  0.97  0.97  0.97
2032  0.97  0.98  0.98  0.98  0.99  0.99  0.99  0.99     1     1     1     1
2033     1     1  1.01  1.01  1.01  1.02  1.02  1.02  1.02  1.02  1.02  1.03
2034  1.03  1.03  1.03  1.04  1.04  1.04  1.05  1.05  1.05  1.05  1.05  1.05
2035  1.06  1.06  1.06  1.06  1.07  1.07  1.07  1.08  1.08  1.08  1.08  1.08
2036  1.08  1.09  1.09  1.09   1.1   1.1   1.1  1.11  1.11  1.11  1.11  1.11
2037  1.11  1.11  1.12  1.12  1.12  1.13  1.13  1.13  1.13  1.13  1.13  1.14
2038  1.14  1.14  1.14  1.15  1.15  1.16  1.16  1.16  1.16  1.16  1.16  1.16
2039  1.17  1.17  1.17  1.17  1.18  1.18  1.19  1.19  1.19  1.19  1.19  1.19
2040     0     0     0     0     0     0     0     0     0     0     0     0
NUM: 262 SALTO                 Penal: 0          0
A~NO ....1 ....2 ....3 ....4 ....5 ....6 ....7 ....8 ....9 ...10 ...11 ...12
2025  0.14  0.16  0.16  0.22  0.23  0.23  0.24   0.3  0.34  0.29  0.24  0.15
2026  0.14  0.16  0.16  0.23  0.23  0.23  0.25   0.3  0.34  0.29  0.24  0.15
2027  0.14  0.16  0.16  0.23  0.23  0.23  0.25  0.31  0.34  0.29  0.24  0.15
2028  0.14  0.16  0.16  0.23  0.23  0.23  0.25  0.31  0.35  0.29  0.24  0.15
2029  0.14  0.16  0.16  0.23  0.24  0.23  0.25  0.31  0.35   0.3  0.24  0.15
2030  0.14  0.16  0.16  0.23  0.24  0.24  0.25  0.32  0.35   0.3  0.25  0.15
2031  0.14  0.16  0.16  0.23  0.24  0.24  0.25  0.32  0.35   0.3  0.25  0.15
2032  0.14  0.16  0.16  0.23  0.24  0.24  0.26  0.32  0.36   0.3  0.25  0.15
2033  0.14  0.16  0.16  0.24  0.24  0.24  0.26  0.32  0.36  0.31  0.25  0.15
2034  0.14  0.16  0.16  0.24  0.24  0.24  0.26  0.33  0.36  0.31  0.25  0.15
2035  0.14  0.16  0.16  0.24  0.25  0.24  0.26  0.33  0.37  0.31  0.25  0.15
2036  0.14  0.16  0.16  0.24  0.25  0.25  0.26  0.33  0.37  0.31  0.25  0.15
2037  0.14  0.16  0.16  0.24  0.25  0.25  0.27  0.33  0.37  0.32  0.26  0.15
2038  0.14  0.16  0.16  0.24  0.25  0.25  0.27  0.34  0.38  0.32  0.26  0.15
2039  0.14  0.16  0.16  0.24  0.25  0.25  0.27  0.34  0.38  0.32  0.26  0.15
2040     0     0     0     0     0     0     0     0     0     0     0     0
NUM: 290 ESPORA                Penal: 0          0
A~NO ....1 ....2 ....3 ....4 ....5 ....6 ....7 ....8 ....9 ...10 ...11 ...12
2025  0.05  0.05  0.05  0.05  0.05  0.05  0.05  0.05  0.05  0.05  0.05  0.05
2026  0.05  0.05  0.05  0.05  0.05  0.05  0.05  0.05  0.05  0.05  0.05  0.05
2027  0.05  0.05  0.05  0.05  0.05  0.05  0.05  0.05  0.05  0.05  0.05  0.05
2028  0.05  0.05  0.05  0.05  0.05  0.05  0.05  0.05  0.05  0.05  0.05  0.05
2029  0.05  0.05  0.05  0.05  0.05  0.05  0.05  0.05  0.05  0.05  0.05  0.05
2030  0.05  0.05  0.05  0.05  0.05  0.05  0.05  0.05  0.05  0.05  0.05  0.05
2031  0.05  0.05  0.05  0.05  0.05  0.05  0.05  0.05  0.05  0.05  0.05  0.05
2032  0.05  0.05  0.05  0.05  0.05  0.05  0.05  0.05  0.05  0.05  0.05  0.05
2033  0.05  0.05  0.05  0.05  0.05  0.05  0.05  0.05  0.05  0.05  0.05  0.05
2034  0.05  0.05  0.05  0.05  0.05  0.05  0.05  0.05  0.05  0.05  0.05  0.05
2035  0.05  0.05  0.05  0.05  0.05  0.05  0.05  0.05  0.05  0.05  0.05  0.05
2036  0.05  0.05  0.05  0.05  0.05  0.05  0.05  0.05  0.05  0.05  0.05  0.05
2037  0.05  0.05  0.05  0.05  0.05  0.05  0.05  0.05  0.05  0.05  0.05  0.05
2038  0.05  0.05  0.05  0.05  0.05  0.05  0.05  0.05  0.05  0.05  0.05  0.05
2039  0.05  0.05  0.05  0.05  0.05  0.05  0.05  0.05  0.05  0.05  0.05  0.05
2040     0     0     0     0     0     0     0     0     0     0     0     0
NUM: 311 CACU                  Penal: 0          0
A~NO ....1 ....2 ....3 ....4 ....5 ....6 ....7 ....8 ....9 ...10 ...11 ...12
2025  0.95  1.11  1.02  1.34  1.92  2.07  1.71  1.58  1.71  1.66  1.32  0.98
2026  0.98  1.14  1.05  1.38  2.01  2.18  1.77  1.63  1.76  1.71  1.37     1
2027  1.01  1.17  1.07  1.43   2.1  2.28  1.83  1.66   1.8  1.76  1.41  1.03
2028  1.03  1.19   1.1  1.47  2.19  2.38  1.91  1.71  1.85  1.82  1.46  1.06
2029  1.06  1.23  1.13  1.51  2.28  2.49  1.98  1.76   1.9  1.87   1.5  1.09
2030  1.09  1.26  1.16  1.56  2.37  2.59  2.04   1.8  1.95  1.92  1.55  1.11
2031  1.11  1.29  1.19   1.6  2.45  2.69   2.1  1.84  1.99  1.97  1.59  1.14
2032  1.14  1.31  1.21  1.65  2.54  2.79  2.18  1.89  2.04  2.02  1.64  1.17
2033  1.17  1.35  1.24  1.69  2.63  2.89  2.24  1.93  2.09  2.07  1.68   1.2
2034   1.2  1.38  1.27  1.73  2.72     3  2.31  1.98  2.14  2.12  1.73  1.22
2035  1.22  1.41   1.3  1.78   2.8  3.09  2.36  2.01  2.17  2.17  1.78  1.25
2036  1.25  1.43  1.33  1.82  2.89   3.2  2.44  2.06  2.23  2.22  1.82  1.28
2037  1.28  1.46  1.35  1.87  2.98   3.3  2.51  2.11  2.28  2.28  1.87  1.31
2038  1.31  1.49  1.38  1.91  3.07   3.4  2.58  2.15  2.33  2.33  1.91  1.33
2039  1.33  1.52  1.41  1.95  3.15   3.5  2.63  2.19  2.36  2.37  1.96  1.36
2040     0     0     0     0     0     0     0     0     0     0     0     0
NUM: 312 B. COQUEIROS          Penal: 0          0
A~NO ....1 ....2 ....3 ....4 ....5 ....6 ....7 ....8 ....9 ...10 ...11 ...12
2025  0.44  0.44  0.44  0.44  0.45  0.46  0.48  0.49   0.5  0.48  0.47  0.46
2026  0.46  0.46  0.46  0.47  0.47  0.48   0.5  0.52  0.52   0.5  0.49  0.48
2027  0.48  0.48  0.48  0.49  0.49   0.5  0.52  0.54  0.54  0.52  0.51   0.5
2028   0.5   0.5  0.51  0.51  0.51  0.52  0.54  0.56  0.56  0.54  0.53  0.52
2029  0.52  0.52  0.53  0.53  0.53  0.54  0.56  0.58  0.58  0.56  0.55  0.54
2030  0.54  0.55  0.55  0.55  0.55  0.56  0.59   0.6   0.6  0.58  0.57  0.56
2031  0.56  0.57  0.57  0.57  0.57  0.59  0.61  0.62  0.63  0.61  0.59  0.58
2032  0.59  0.59  0.59  0.59   0.6  0.61  0.63  0.64  0.65  0.63  0.62   0.6
2033  0.61  0.61  0.61  0.61  0.62  0.63  0.65  0.67  0.67  0.65  0.64  0.63
2034  0.63  0.63  0.63  0.63  0.64  0.65  0.67  0.69  0.69  0.67  0.66  0.65
2035  0.65  0.65  0.65  0.65  0.66  0.67  0.69  0.71  0.71  0.69  0.68  0.67
2036  0.67  0.67  0.67  0.67  0.68  0.69  0.71  0.73  0.73  0.71   0.7  0.69
2037  0.69  0.69  0.69   0.7   0.7  0.71  0.74  0.75  0.75  0.73  0.72  0.71
2038  0.71  0.71  0.72  0.72  0.72  0.73  0.76  0.77  0.78  0.75  0.74  0.73
2039  0.73  0.73  0.74  0.74  0.74  0.75  0.78   0.8   0.8  0.78  0.76  0.75
2040     0     0     0     0     0     0     0     0     0     0     0     0
NUM: 315 FOZ R CLARO           Penal: 0          0
A~NO ....1 ....2 ....3 ....4 ....5 ....6 ....7 ....8 ....9 ...10 ...11 ...12
2025  0.01  0.01  0.01  0.01  0.01  0.02  0.02  0.03  0.02  0.02  0.02  0.01
2026  0.01  0.01  0.01  0.01  0.01  0.02  0.02  0.03  0.02  0.02  0.02  0.01
2027  0.01  0.01  0.01  0.01  0.01  0.02  0.02  0.03  0.02  0.02  0.02  0.01
2028  0.01  0.01  0.01  0.01  0.01  0.02  0.02  0.03  0.02  0.02  0.02  0.01
2029  0.01  0.01  0.01  0.01  0.01  0.02  0.02  0.03  0.02  0.02  0.02  0.01
2030  0.01  0.01  0.01  0.01  0.01  0.02  0.02  0.03  0.03  0.02  0.02  0.01
2031  0.01  0.01  0.01  0.01  0.01  0.02  0.02  0.03  0.03  0.02  0.02  0.01
2032  0.01  0.01  0.01  0.01  0.01  0.02  0.02  0.03  0.03  0.02  0.02  0.01
2033  0.01  0.01  0.01  0.01  0.01  0.02  0.02  0.03  0.03  0.02  0.02  0.01
2034  0.01  0.01  0.01  0.01  0.01  0.02  0.02  0.03  0.03  0.02  0.02  0.01
2035  0.01  0.01  0.01  0.01  0.01  0.02  0.02  0.03  0.03  0.02  0.02  0.01
2036  0.01  0.01  0.01  0.01  0.01  0.02  0.03  0.03  0.03  0.02  0.02  0.01
2037  0.01  0.01  0.01  0.01  0.02  0.02  0.03  0.03  0.03  0.02  0.02  0.01
2038  0.01  0.01  0.01  0.01  0.02  0.02  0.03  0.03  0.03  0.02  0.02  0.01
2039  0.01  0.01  0.01  0.01  0.02  0.02  0.03  0.03  0.03  0.02  0.02  0.01
2040     0     0     0     0     0     0     0     0     0     0     0     0
